ID	Sire	Dam
2489	NA	21
2487	NA	21
2488	4115	21
2356	NA	25
4516	4059	31
4514	NA	31
4515	NA	31
3153	591	32
3154	257	32
3155	4059	32
2572	4476	39
2571	5350	39
3873	5351	40
5328	3528	42
5327	NA	42
5329	2488	42
5326	4632	42
1756	1448	44
1759	2457	44
1758	5350	44
1755	NA	44
1757	4688	44
1842	184	45
149	4507	47
148	1451	47
196	1665	54
1490	3696	59
1415	3696	59
4260	NA	59
4258	1460	59
4259	4712	59
67	NA	60
66	NA	60
3601	NA	61
1145	4688	81
1152	4259	81
1151	4259	81
1146	3328	81
1150	4259	81
1148	3323	81
1153	4259	81
1147	2457	81
1149	4839	81
1875	NA	82
1874	4839	82
1877	2685	82
1873	3570	82
1876	4259	82
1024	4839	83
1026	1992	83
1023	4839	83
1025	4259	83
1027	4843	83
3359	512	85
3361	2075	85
3358	147	85
3360	4408	85
3357	1709	85
3356	3274	85
4897	NA	88
4894	NA	88
4893	502	88
4896	3817	88
4895	3132	88
2891	1435	91
3072	NA	96
1019	NA	97
1016	912	97
1017	NA	97
1018	NA	97
4915	3992	102
4917	1401	102
4916	NA	102
1569	NA	104
1570	NA	104
3310	1489	106
2939	NA	108
1525	NA	114
1526	NA	114
1528	NA	114
1527	NA	114
4943	861	115
4942	NA	115
62	NA	116
61	NA	116
63	NA	116
60	NA	116
59	NA	116
2392	NA	117
117	NA	121
115	NA	121
118	NA	121
116	NA	121
114	NA	121
119	NA	121
120	NA	121
2971	NA	128
2972	NA	128
2637	NA	135
2635	NA	135
2636	912	135
2634	NA	135
1718	5332	137
1719	1665	137
2402	NA	145
3266	NA	151
163	2302	158
162	3994	158
77	NA	160
111	2672	178
110	NA	178
112	2381	178
709	769	183
712	2451	183
711	4196	183
710	769	183
708	NA	183
155	1174	191
160	2302	191
157	1461	191
154	3573	191
156	2630	191
159	3994	191
158	4800	191
3712	1491	192
3711	3992	192
3710	NA	192
3714	184	192
3713	2302	192
1760	NA	199
4410	5118	206
4412	5046	206
4409	1961	206
4415	193	206
4411	1910	206
4414	4073	206
4413	4843	206
2100	2581	207
2101	201	207
2097	2538	207
2102	2347	207
2098	2460	207
2099	1110	207
2104	257	207
2103	257	207
2096	3312	207
2359	4089	216
2357	1873	216
2360	NA	216
2358	4754	216
2567	4754	217
2568	4832	217
2569	NA	217
2623	4089	218
2624	NA	218
3401	2544	219
1188	NA	222
1190	5037	222
1189	NA	222
1187	512	222
2606	NA	223
2607	1564	223
665	NA	224
664	5037	224
666	5037	224
86	1149	232
89	NA	232
88	1617	232
87	28	232
85	1705	232
5095	3323	247
5094	4925	247
5091	5320	247
5088	2142	247
5093	4925	247
5090	3836	247
5089	1880	247
5092	5320	247
3512	3836	248
3513	4928	248
3505	2882	248
3511	4656	248
3507	3836	248
3510	3836	248
3506	177	248
3508	3836	248
3509	NA	248
3311	3836	251
3312	3836	251
3313	3836	251
3316	1844	251
3314	4656	251
3315	4196	251
2937	3989	252
2936	4839	252
2938	1177	252
2933	NA	252
2935	4656	252
2934	4925	252
242	NA	256
4693	2627	270
4694	349	270
4692	3838	270
4142	3838	272
584	905	277
583	2460	277
585	905	277
580	2215	277
586	1147	277
590	1872	277
587	NA	277
582	4158	277
581	3528	277
588	80	277
589	4800	277
2575	3872	279
2577	2376	279
2576	2100	279
3884	905	280
3880	3312	280
3881	5133	280
3882	565	280
3883	2376	280
969	NA	282
966	NA	282
964	NA	282
970	NA	282
967	NA	282
965	28	282
971	NA	282
968	NA	282
1887	NA	285
1886	NA	285
3003	4677	294
3005	NA	294
3004	NA	294
3000	193	294
3002	1795	294
3001	5133	294
3007	NA	294
3006	1446	294
2199	3496	295
2198	4945	295
2469	2767	301
2464	NA	301
2467	1042	301
2465	NA	301
2466	NA	301
2468	4304	301
2470	3893	301
756	NA	310
759	3128	310
755	NA	310
753	711	310
754	565	310
758	540	310
757	4445	310
3145	NA	316
3150	3126	316
3146	4158	316
3148	711	316
3147	3527	316
3149	912	316
1080	2672	322
1076	3836	322
1078	1880	322
1079	3837	322
1077	4566	322
1073	NA	322
1075	4304	322
1074	2142	322
320	NA	327
318	NA	327
319	NA	327
323	NA	327
321	NA	327
324	NA	327
322	4303	327
1956	2527	332
1955	1908	332
1963	257	332
1957	5046	332
1959	1110	332
1962	1702	332
1960	NA	332
1958	NA	332
1961	4839	332
430	NA	340
428	2184	340
431	NA	340
429	1598	340
825	NA	351
824	NA	351
822	NA	351
826	3515	351
823	NA	351
4788	1483	358
357	NA	358
349	2142	364
352	NA	364
353	NA	364
345	NA	364
350	4746	364
351	4873	364
356	NA	364
355	NA	364
348	NA	364
347	NA	364
354	NA	364
346	NA	364
2530	2493	367
2529	NA	367
2531	1478	367
2534	4313	367
2528	NA	367
2527	2899	367
2533	4115	367
2532	2827	367
4059	3836	370
4058	NA	370
4057	NA	370
371	4746	374
367	695	374
364	1767	374
366	NA	374
372	NA	374
368	NA	374
369	5297	374
365	NA	374
363	NA	374
370	NA	374
303	NA	375
301	NA	375
305	NA	375
304	5289	375
300	NA	375
302	NA	375
306	NA	375
762	NA	376
766	NA	376
767	4304	376
769	1117	376
765	4401	376
764	1481	376
770	4566	376
768	NA	376
760	1449	376
763	1505	376
761	NA	376
1545	NA	379
1544	NA	379
1546	3554	379
2251	4925	380
2248	4925	380
2249	4925	380
2241	2833	380
2242	3832	380
2250	4656	380
2246	4566	380
2243	5297	380
2247	5320	380
2245	4566	380
2240	NA	380
2244	4566	380
382	NA	383
380	1754	383
381	NA	383
376	1126	383
379	695	383
2319	1507	383
378	NA	383
377	NA	383
375	NA	383
358	1446	384
413	NA	393
414	4703	393
415	510	393
4545	NA	410
3648	5136	416
3642	591	416
3644	1642	416
3646	1617	416
3643	4023	416
3645	28	416
3647	4059	416
2545	28	417
2543	1617	417
2539	4059	417
2546	4059	417
2544	1642	417
2540	4059	417
2542	4023	417
2541	NA	417
2390	4023	418
2391	28	418
2387	591	418
2389	4023	418
2388	4023	418
424	NA	434
425	NA	434
423	NA	434
4620	NA	435
4621	NA	435
2828	NA	448
2827	NA	448
2831	250	448
2830	NA	448
2829	1880	448
3775	NA	455
3780	NA	455
3776	NA	455
3774	NA	455
3778	NA	455
3777	NA	455
3779	NA	455
475	2651	461
473	NA	461
474	NA	461
472	NA	461
2718	NA	465
2719	NA	465
2721	NA	465
2722	NA	465
2717	NA	465
2720	NA	465
4817	NA	466
4819	NA	466
4820	NA	466
4816	4346	466
4818	484	466
496	NA	468
497	NA	468
498	NA	468
3175	NA	477
3171	NA	477
3174	NA	477
3173	NA	477
3172	NA	477
3170	NA	477
477	3184	481
478	NA	481
476	NA	481
2455	3301	486
2457	4712	486
2459	NA	486
2456	NA	486
2460	3837	486
2462	3696	486
2458	3387	486
2461	2631	486
4523	1767	506
4530	NA	506
4527	1022	506
4522	1767	506
4528	NA	506
4526	NA	506
4524	4600	506
4529	1480	506
4525	NA	506
458	NA	507
455	4008	507
459	NA	507
460	5071	507
457	NA	507
456	NA	507
507	NA	511
506	NA	511
509	4600	511
508	NA	511
557	NA	511
4284	2236	520
4283	1445	520
4282	3245	520
4285	2390	520
838	4064	535
835	2200	535
836	2899	535
837	5071	535
2772	4677	541
2773	NA	541
280	4843	547
270	1906	547
274	1174	547
275	3837	547
271	2767	547
276	1910	547
277	1899	547
273	3874	547
279	5046	547
272	3837	547
278	1910	547
1537	1899	548
1539	769	548
1532	NA	548
1538	3323	548
1540	5046	548
1536	4925	548
1534	4925	548
1541	4259	548
1531	2767	548
1533	5320	548
1535	1094	548
1542	NA	548
3281	NA	558
3282	5289	558
3284	5289	558
3283	NA	558
3285	NA	558
3279	NA	558
3280	NA	558
1860	NA	559
1859	NA	559
1855	NA	559
1858	NA	559
1857	NA	559
1861	NA	559
1862	NA	559
1856	1754	559
2496	4008	560
2492	NA	560
2493	1734	560
2497	NA	560
2501	NA	560
2499	4873	560
2494	NA	560
2502	NA	560
2500	4566	560
2495	NA	560
2491	NA	560
2498	NA	560
546	5289	562
553	5320	562
549	4566	562
554	5320	562
555	5320	562
545	NA	562
547	5297	562
550	4566	562
551	NA	562
548	2767	562
552	2767	562
564	NA	566
3641	1126	566
558	NA	566
562	4401	566
559	4600	566
560	1126	566
561	1767	566
563	NA	566
5024	162	568
5023	1873	568
575	NA	576
704	NA	578
707	NA	578
703	NA	578
705	NA	578
702	NA	578
706	1457	578
4976	905	582
4977	3274	582
4980	3964	582
4981	NA	582
4975	5126	582
4979	4332	582
4978	NA	582
3198	NA	586
3199	912	586
1975	4675	588
1973	5161	588
1978	193	588
1971	2215	588
1972	257	588
1974	1943	588
1976	3529	588
1977	4500	588
3888	1943	589
3788	3994	599
3789	4800	599
3786	1446	599
3785	2157	599
3787	4800	599
3784	1110	599
3783	257	599
3402	4725	601
3403	2878	601
3404	3994	601
3405	4552	601
1061	NA	603
2752	1448	604
607	NA	612
609	NA	612
611	NA	612
610	NA	612
606	2209	612
605	NA	612
608	NA	612
3445	3893	615
3448	4839	615
3447	NA	615
3446	1094	615
3449	NA	615
3444	3893	615
4020	NA	616
4019	275	616
4015	201	616
4016	201	616
4012	NA	616
4017	NA	616
4014	2627	616
4013	3837	616
4018	1899	616
1099	NA	617
1746	NA	626
1749	NA	626
1747	2058	626
1750	2530	626
1748	NA	626
4723	3837	628
4724	NA	628
4725	3992	628
197	NA	629
4672	1494	633
4671	342	633
5160	4839	636
5162	257	636
5155	3893	636
5157	1174	636
5158	3874	636
5161	4115	636
5156	3837	636
5159	201	636
1154	NA	646
267	NA	659
268	4144	659
269	2077	659
266	2589	659
4368	2077	661
4369	NA	661
3223	NA	670
653	2605	674
655	NA	674
652	NA	674
651	3894	674
654	NA	674
2139	NA	675
908	275	678
901	3737	678
906	3100	678
902	1775	678
903	1125	678
907	257	678
904	5046	678
905	5046	678
4481	1974	688
4480	3817	688
2610	4688	696
2609	4688	696
2612	2477	696
2611	3527	696
2613	946	696
2864	1972	697
2865	NA	697
2863	NA	697
2050	NA	699
2051	1484	699
2052	3973	699
1564	NA	700
1563	NA	700
1565	NA	700
1562	3057	700
4407	NA	710
686	NA	726
313	565	737
317	2460	737
312	565	737
309	275	737
311	4158	737
315	3126	737
310	4158	737
314	1147	737
316	5156	737
734	1174	739
737	1910	739
736	349	739
732	NA	739
733	2381	739
735	4839	739
2293	NA	744
2297	3965	744
2294	1943	744
2295	3527	744
2296	4507	744
5096	257	747
5099	4688	747
5097	2538	747
5101	1944	747
5100	4688	747
5102	3528	747
5098	3057	747
2404	184	748
2403	NA	748
2405	2538	748
2407	3527	748
2406	4688	748
1693	3128	753
1690	3126	753
1692	3128	753
1695	1974	753
1691	540	753
1694	4035	753
2035	NA	757
2037	4275	757
2036	470	757
2038	4035	757
1764	NA	761
1766	NA	761
1765	4061	761
2339	3874	767
2337	4566	767
2340	4925	767
2335	4566	767
2338	4656	767
2336	2767	767
4393	NA	772
4392	4688	772
4391	701	772
2666	946	776
1113	NA	778
1114	NA	778
1112	1492	778
831	2477	785
832	1973	785
833	4781	785
2425	NA	787
2424	NA	787
2423	NA	787
3068	2544	801
3025	3527	807
3031	427	807
3028	2477	807
3033	4230	807
3029	5037	807
3027	2477	807
3032	1472	807
3026	4677	807
3030	5332	807
387	2477	810
390	NA	810
388	1450	810
389	2589	810
386	2477	810
391	NA	810
392	4230	810
4111	447	815
4116	2675	815
4114	377	815
4117	NA	815
4118	1174	815
4115	2142	815
4113	NA	815
4112	1020	815
3059	NA	817
3061	2767	817
3058	NA	817
3060	NA	817
3062	2882	817
817	3595	821
814	1503	821
819	NA	821
815	1497	821
813	NA	821
812	NA	821
818	NA	821
820	NA	821
816	NA	821
1771	NA	826
1768	4023	826
1770	NA	826
1772	4809	826
1769	4023	826
113	1468	831
338	2651	835
339	4112	835
337	NA	835
618	3893	836
617	4538	836
615	3554	836
616	2767	836
4952	NA	841
4957	4800	841
4959	257	841
4956	2631	841
4958	2451	841
4954	1021	841
4955	1899	841
4953	3874	841
3368	3837	842
3369	201	842
2225	NA	844
2223	NA	844
2226	NA	844
2224	NA	844
2221	1499	844
2222	3831	844
1724	NA	847
1723	2645	847
1134	2779	848
1130	NA	848
1133	NA	848
1135	NA	848
1131	NA	848
1132	NA	848
3319	2822	849
3322	771	849
3318	NA	849
3321	2779	849
3317	NA	849
3320	NA	849
1163	NA	851
1164	NA	851
1165	NA	851
1818	NA	859
885	NA	863
880	NA	863
881	4061	863
884	3301	863
882	1117	863
883	3554	863
4656	377	864
4657	NA	864
4658	3554	864
4659	2767	864
1097	4538	865
1095	3554	865
1094	3554	865
1096	2767	865
840	2645	866
841	2767	866
842	1463	866
839	3554	866
843	2527	866
858	NA	866
861	1506	870
864	4008	870
868	NA	870
860	NA	870
865	5289	870
859	NA	870
862	2209	870
867	NA	870
869	NA	870
863	NA	870
866	5289	870
3828	5332	872
3825	4501	872
3823	512	872
3824	4332	872
3826	1973	872
3829	NA	872
3821	3527	872
3822	3527	872
3827	4781	872
2603	1454	873
2604	3973	873
2144	1961	876
4036	NA	883
4037	NA	883
4626	3274	889
4628	1873	889
4622	4688	889
4624	3328	889
4629	3146	889
4623	3328	889
4625	701	889
4627	3274	889
938	565	907
939	565	907
937	4158	907
936	4387	907
941	3126	907
940	NA	907
944	NA	907
943	NA	907
942	NA	907
742	3893	933
738	NA	933
741	3893	933
740	2651	933
739	377	933
743	1174	933
2578	1117	934
2579	3398	934
2582	3189	934
2580	3893	934
2583	3838	934
2581	3893	934
934	2471	935
933	4008	935
1599	4445	939
1601	NA	939
1600	NA	939
3766	5351	952
3767	3894	952
1736	2477	953
1740	4144	953
1738	4144	953
1735	912	953
1739	429	953
1737	3894	953
3732	5332	954
3730	4332	954
3728	4500	954
3731	2213	954
3729	NA	954
3733	NA	954
4155	2077	958
4154	510	958
3605	NA	964
3607	NA	964
3604	NA	964
3603	NA	964
3606	NA	964
123	NA	982
130	NA	982
124	NA	982
131	NA	982
125	NA	982
127	NA	982
128	NA	982
129	NA	982
122	NA	982
126	2822	982
3208	NA	990
3206	NA	990
3205	NA	990
3209	NA	990
3207	NA	990
643	NA	992
642	NA	992
639	NA	992
640	NA	992
641	NA	992
3381	NA	993
3379	1498	993
3380	NA	993
993	NA	998
996	NA	998
991	1505	998
997	NA	998
995	NA	998
992	NA	998
990	NA	998
994	NA	998
141	1961	999
146	2589	999
142	NA	999
143	NA	999
140	2021	999
145	512	999
144	NA	999
1029	NA	1000
1032	NA	1000
1031	NA	1000
1030	NA	1000
1884	NA	1002
3098	NA	1003
3099	NA	1003
1004	NA	1005
1001	NA	1005
1000	NA	1005
1002	NA	1005
1003	NA	1005
852	1476	1006
850	NA	1006
847	1117	1006
857	NA	1006
856	NA	1006
853	3387	1006
849	3831	1006
854	NA	1006
855	484	1006
851	NA	1006
848	NA	1006
844	NA	1006
846	NA	1006
845	NA	1006
989	NA	1008
985	NA	1008
980	NA	1008
987	NA	1008
988	NA	1008
986	NA	1008
983	NA	1008
984	NA	1008
981	NA	1008
982	5071	1008
1044	NA	1009
1043	NA	1009
2896	3554	1011
2897	4112	1011
2898	4750	1011
3186	1460	1012
3185	304	1012
3184	1493	1012
3187	769	1012
3183	NA	1012
1778	1925	1013
1784	2347	1013
1776	4925	1013
1774	NA	1013
1775	4538	1013
1777	2527	1013
1782	1110	1013
1780	201	1013
1781	1125	1013
1779	3893	1013
1783	201	1013
1010	NA	1015
1011	2899	1015
1007	2209	1015
1014	1470	1015
1013	3554	1015
1006	2209	1015
1012	4061	1015
1008	4008	1015
1009	NA	1015
4907	NA	1016
91	193	1034
90	3312	1034
1715	5071	1043
3270	NA	1044
3269	2651	1044
3454	NA	1051
3455	NA	1051
3452	NA	1051
3451	NA	1051
3456	NA	1051
3453	NA	1051
3450	2767	1051
1558	3831	1057
1557	NA	1057
1058	NA	1059
1057	NA	1059
1055	NA	1059
1054	NA	1059
1056	NA	1059
1053	NA	1059
647	1448	1063
648	490	1063
649	490	1063
650	1471	1063
1863	3836	1074
5139	1642	1087
5137	3328	1087
5138	NA	1087
5144	NA	1087
5142	1943	1087
5140	1617	1087
5141	NA	1087
5143	NA	1087
979	4543	1089
1169	3994	1090
1170	1457	1090
1167	3785	1090
1166	4725	1090
1168	1465	1090
972	1702	1092
1762	NA	1098
1763	NA	1098
223	1943	1100
226	4501	1100
225	5351	1100
227	NA	1100
222	2021	1100
229	2589	1100
228	3894	1100
224	5351	1100
3015	NA	1101
3014	NA	1101
3013	1598	1101
4093	4677	1104
4090	3057	1104
4092	3527	1104
4091	1943	1104
3365	2451	1108
3363	4800	1108
3364	4552	1108
3362	2347	1108
1123	NA	1111
1121	2899	1111
1118	NA	1111
1120	NA	1111
1124	NA	1111
1115	NA	1111
1119	4008	1111
1117	2209	1111
1122	2899	1111
1116	4600	1111
2647	NA	1116
2649	NA	1116
2646	2899	1116
2648	NA	1116
2645	1511	1116
3120	2899	1119
3122	4710	1119
3123	NA	1119
3121	3554	1119
3119	2899	1119
3997	2631	1121
3990	2645	1121
3992	304	1121
3993	NA	1121
3988	2767	1121
3995	4943	1121
3996	1174	1121
3994	484	1121
3991	NA	1121
3989	861	1121
64	NA	1129
2095	5161	1152
2094	3328	1152
1046	NA	1155
1047	2627	1155
1050	2347	1155
1049	4632	1155
1048	1021	1155
5348	4688	1160
5351	4800	1160
5349	201	1160
5345	193	1160
5347	4688	1160
5350	2631	1160
5344	257	1160
5346	2538	1160
3366	1849	1170
5052	NA	1171
5057	3893	1171
5055	3398	1171
5056	210	1171
5054	4750	1171
5058	3874	1171
5053	2645	1171
5059	2627	1171
1367	2646	1361
3268	763	1438
1446	2646	1438
1660	4712	1439
4847	955	1440
646	3515	1441
3872	2650	1442
1020	NA	1443
325	1496	1443
1554	250	1444
719	2077	1518
718	NA	1518
3619	1460	1525
3620	NA	1525
3621	NA	1525
1921	2685	1534
1919	NA	1534
1914	5161	1534
1922	1147	1534
1915	NA	1534
1920	4259	1534
1913	4688	1534
1918	NA	1534
1917	2457	1534
1916	701	1534
76	5332	1551
1642	1658	1554
1646	NA	1554
1644	NA	1554
1645	NA	1554
1643	4059	1554
2341	NA	1557
2706	NA	1562
2707	NA	1562
3790	1458	1563
3126	1707	1578
3131	4211	1578
3130	2184	1578
3132	1709	1578
3127	1707	1578
3133	4259	1578
3129	1873	1578
3125	NA	1578
3124	1081	1578
3128	2849	1578
5003	3328	1579
5004	3328	1579
5011	NA	1579
5006	5161	1579
5009	3274	1579
5010	1873	1579
5014	4843	1579
5012	162	1579
5007	701	1579
5013	3965	1579
5001	4259	1579
5005	5161	1579
5008	3274	1579
5002	4688	1579
3176	2685	1580
4860	3617	1585
4862	NA	1585
4861	NA	1585
4857	NA	1585
4859	NA	1585
4858	4849	1585
265	2605	1586
264	1599	1586
4149	3147	1587
399	3226	1589
2510	1021	1606
1607	NA	1608
1606	NA	1608
3264	1147	1616
3263	4843	1616
3258	5161	1616
3261	701	1616
3262	2184	1616
3256	4688	1616
3260	701	1616
3259	4674	1616
3257	3328	1616
3424	4688	1618
3426	4674	1618
3430	162	1618
3427	3274	1618
3423	4259	1618
3428	3274	1618
3425	5161	1618
3429	1873	1618
3887	4688	1619
2786	1467	1629
2780	NA	1629
2781	NA	1629
2784	NA	1629
2785	NA	1629
2779	2899	1629
2787	NA	1629
2782	5288	1629
2783	NA	1629
1673	NA	1631
1675	1058	1631
1674	484	1631
1676	1513	1631
1653	NA	1634
4973	NA	1636
4974	NA	1636
4972	NA	1636
4971	NA	1636
675	NA	1661
674	48	1661
1998	NA	1667
1996	2605	1667
1997	3132	1667
2367	257	1687
2361	3528	1687
2363	4839	1687
2364	2347	1687
2362	2538	1687
2365	257	1687
2366	4552	1687
4987	NA	1696
4986	1462	1696
4380	3057	1704
4386	NA	1704
4381	3497	1704
4384	NA	1704
4383	1147	1704
4382	NA	1704
4385	184	1704
1401	NA	1704
2312	NA	1708
2313	2302	1708
4075	2376	1710
4079	2213	1710
4074	4688	1710
4076	2477	1710
4078	4501	1710
4080	5186	1710
4077	3894	1710
1845	NA	1715
1846	1925	1715
1844	484	1715
1847	505	1715
1843	NA	1715
4582	NA	1725
4583	NA	1725
4585	NA	1725
4584	NA	1725
4581	NA	1725
4586	NA	1725
465	NA	1726
464	NA	1726
462	NA	1726
466	1499	1726
468	NA	1726
461	NA	1726
467	NA	1726
463	NA	1726
2444	NA	1728
2440	NA	1728
2441	NA	1728
2443	2899	1728
2439	NA	1728
2445	NA	1728
2442	NA	1728
1727	NA	1731
1728	NA	1731
1730	NA	1731
1729	NA	1731
1726	NA	1731
51	1459	1735
1883	NA	1737
1881	1973	1737
1882	NA	1737
1721	NA	1747
1720	NA	1747
499	NA	1749
3530	3301	1765
3533	3874	1765
3532	342	1765
3531	304	1765
4406	NA	1768
4404	NA	1768
4403	4674	1768
4405	1484	1768
2266	NA	1769
1965	NA	1772
1968	NA	1772
1969	NA	1772
1967	3702	1772
1970	NA	1772
1966	1617	1772
4676	NA	1778
4678	4800	1778
4674	1110	1778
4675	1446	1778
4677	4800	1778
4673	201	1778
2119	4800	1779
2113	1707	1779
2112	NA	1779
2115	1474	1779
2116	3874	1779
2120	257	1779
2108	4843	1779
2114	1125	1779
2109	5133	1779
2107	257	1779
2118	2347	1779
2111	4675	1779
2110	2538	1779
2117	2347	1779
2930	3872	1781
2928	1943	1781
2926	5156	1781
2927	4675	1781
2929	1899	1781
2931	1457	1781
1591	470	1788
1585	4445	1788
1589	48	1788
1590	470	1788
1587	3128	1788
1584	NA	1788
1586	4445	1788
1588	540	1788
2778	4035	1789
2777	4035	1789
2774	3274	1789
2776	470	1789
2775	4332	1789
3016	1452	1793
3018	1660	1793
3017	NA	1793
400	193	1794
401	NA	1794
4854	NA	1796
4850	3529	1796
4855	NA	1796
4852	4445	1796
4849	905	1796
4853	NA	1796
4851	4445	1796
4856	470	1796
4848	NA	1796
2746	1177	1798
2747	NA	1798
2742	1702	1798
2743	NA	1798
2749	4059	1798
2744	4656	1798
2748	4839	1798
2750	1702	1798
2745	1125	1798
4733	184	1805
4734	184	1805
1641	NA	1806
1639	NA	1806
1640	NA	1806
486	2899	1812
487	NA	1812
488	4538	1812
483	NA	1812
485	4446	1812
484	4008	1812
3563	NA	1816
3562	NA	1816
1814	2209	1817
1816	NA	1817
1811	NA	1817
1812	NA	1817
1815	NA	1817
1813	NA	1817
1850	1465	1820
1851	NA	1820
1849	2630	1820
1412	2630	1820
1848	NA	1820
1853	NA	1820
1852	1455	1820
1592	NA	1821
1596	NA	1821
1598	3994	1821
1595	NA	1821
1594	NA	1821
1593	1509	1821
1597	NA	1821
751	1910	1833
1034	NA	1846
1035	1465	1846
1033	NA	1846
1036	NA	1846
1093	NA	1848
1092	1801	1848
1091	NA	1848
3216	NA	1866
3217	4943	1866
3218	436	1866
4254	NA	1877
4252	701	1877
4253	3274	1877
4257	3965	1877
4255	162	1877
4256	1456	1877
4251	5161	1877
4250	4843	1877
1827	512	1901
1828	4754	1901
1904	4688	1920
237	NA	1947
238	NA	1947
241	NA	1947
239	NA	1947
236	NA	1947
240	NA	1947
1952	NA	1950
909	NA	1959
3295	NA	1965
3296	NA	1965
4497	510	1975
4499	5186	1975
4495	3018	1975
4496	4144	1975
4494	1873	1975
4498	NA	1975
3661	2077	1976
3658	NA	1976
3659	4144	1976
3657	3147	1976
3660	NA	1976
2018	4677	1979
2017	4677	1979
2298	1973	1982
3049	3836	1987
3050	3836	1987
3051	2960	1987
3052	250	1987
3048	2527	1987
5121	177	1988
5123	250	1988
5122	250	1988
4208	4196	1989
4207	3989	1989
4211	4059	1989
4212	5136	1989
4210	NA	1989
4205	591	1989
4206	4313	1989
4209	4196	1989
34	3515	1990
31	769	1990
30	4928	1990
33	1844	1990
32	1844	1990
29	250	1990
420	4059	1991
422	4059	1991
418	1177	1991
421	4059	1991
419	3515	1991
416	3989	1991
417	4928	1991
2263	4843	1994
2258	1642	1994
2261	28	1994
2262	NA	1994
2259	4023	1994
2264	2490	1994
2260	NA	1994
185	3875	2002
183	4925	2002
182	201	2002
188	NA	2002
187	1081	2002
184	4313	2002
186	769	2002
4395	3323	2005
4397	257	2005
4398	NA	2005
4394	3528	2005
4396	1910	2005
4219	NA	2020
4215	4211	2020
4213	3328	2020
4216	NA	2020
4220	1456	2020
4221	NA	2020
4218	1943	2020
4214	NA	2020
4217	NA	2020
4245	4674	2043
4246	701	2043
4242	3528	2043
4243	184	2043
4244	162	2043
4247	257	2043
4248	257	2043
10	1450	2050
11	5037	2050
450	NA	2055
452	NA	2055
448	377	2055
451	4527	2055
449	4746	2055
2053	4600	2061
2056	3595	2061
2058	5297	2061
2054	NA	2061
2060	377	2061
2059	4304	2061
2055	3595	2061
2057	NA	2061
1419	5297	2061
2066	NA	2068
2067	NA	2068
2061	NA	2068
2063	NA	2068
2065	NA	2068
2062	NA	2068
2064	NA	2068
978	4501	2072
5198	NA	2078
897	4230	2080
899	NA	2080
898	786	2080
4094	NA	2082
4679	512	2089
4680	3146	2089
4681	2605	2089
3077	NA	2091
3074	5332	2091
3076	5186	2091
3073	NA	2091
3075	5332	2091
398	5332	2092
2694	2179	2099
2703	2451	2099
2701	3126	2099
2700	4664	2099
2693	3312	2099
2698	4675	2099
2697	1705	2099
2695	2538	2099
2704	2215	2099
2702	2138	2099
2699	4501	2099
2696	4675	2099
3949	565	2102
3952	4445	2102
3953	5126	2102
3956	512	2102
3946	184	2102
3948	565	2102
3954	5126	2102
3947	1961	2102
3955	4445	2102
3950	711	2102
3951	1147	2102
657	4688	2109
658	4500	2109
656	1093	2109
4085	4688	2114
4083	4688	2114
4082	2302	2114
4081	257	2114
4086	4507	2114
4087	184	2114
4084	4688	2114
4088	257	2114
4150	3528	2116
4152	591	2117
4151	1457	2117
3945	4849	2119
3942	4688	2119
3943	3274	2119
3940	NA	2119
3944	1873	2119
3941	4674	2119
872	3527	2120
874	3527	2120
873	2184	2120
4727	3554	2121
4726	NA	2121
4728	2767	2121
4730	4111	2121
4731	NA	2121
4729	3301	2121
5297	2209	2128
5298	4008	2128
5300	2899	2128
5296	1477	2128
5301	NA	2128
5302	NA	2128
5299	NA	2128
2123	447	2132
2124	3201	2132
2126	NA	2132
2122	NA	2132
2125	NA	2132
2121	5289	2132
2127	4566	2132
4280	NA	2133
4279	NA	2133
4277	NA	2133
4278	2899	2133
2131	NA	2136
2132	2209	2136
2129	NA	2136
2133	2209	2136
2130	NA	2136
2134	NA	2136
2128	4600	2136
2135	NA	2136
2195	5037	2144
2194	3894	2144
2197	427	2144
2196	2048	2144
287	2589	2148
289	2077	2148
288	4144	2148
286	3894	2148
2342	4707	2156
2414	1822	2158
2416	1705	2158
2412	4839	2158
2413	1455	2158
2410	4506	2158
2409	1448	2158
2408	1457	2158
2411	1447	2158
2415	3994	2158
4341	3872	2161
4345	3994	2161
4344	NA	2161
4342	682	2161
4343	1453	2161
4644	1093	2162
4645	4552	2162
4640	2157	2162
4642	2021	2162
4643	4506	2162
4639	3528	2162
4641	1453	2162
4135	3837	2175
4131	NA	2175
4132	5320	2175
4134	3323	2175
4137	1899	2175
4133	1094	2175
4136	4115	2175
4153	1451	2199
139	4408	2201
134	2522	2201
138	3965	2201
132	NA	2201
133	701	2201
136	3147	2201
135	1873	2201
137	4754	2201
2229	3429	2205
2227	NA	2205
2228	4122	2205
927	1599	2207
3586	1134	2216
3585	NA	2216
3587	37	2216
5169	NA	2222
5167	NA	2222
5166	NA	2222
5168	NA	2222
5164	NA	2222
5165	NA	2222
3	4408	2237
1	5332	2237
2	4408	2237
1582	4843	2245
1581	4259	2245
1575	3989	2245
1573	3323	2245
1572	5320	2245
1577	4069	2245
1578	3323	2245
1574	4925	2245
1579	4839	2245
1576	4925	2245
1580	4259	2245
1621	4259	2247
1611	4688	2247
1617	4839	2247
1615	4925	2247
1613	1705	2247
1619	NA	2247
1614	3323	2247
1620	4843	2247
1616	3323	2247
1610	2685	2247
1612	NA	2247
1618	4259	2247
888	3323	2248
889	4259	2248
887	2457	2248
886	2457	2248
890	NA	2248
522	NA	2259
525	4089	2259
519	1709	2259
521	3018	2259
520	2522	2259
523	2390	2259
518	4357	2259
524	4832	2259
517	1149	2259
4546	NA	2267
801	28	2274
805	4089	2274
803	1445	2274
804	2544	2274
800	1873	2274
798	701	2274
799	28	2274
802	1873	2274
688	1873	2275
693	NA	2275
691	4089	2275
690	3245	2275
692	3146	2275
694	NA	2275
689	2390	2275
687	147	2275
1902	3274	2278
1901	1149	2278
1903	1709	2278
1900	4674	2278
5290	NA	2283
5291	4018	2283
5292	1972	2283
5293	257	2283
2277	1873	2285
2274	701	2285
2273	419	2285
2271	4688	2285
2272	3328	2285
2275	3700	2285
2276	1709	2285
2071	193	2286
2073	NA	2286
2072	1961	2286
3669	2589	2289
3668	3894	2289
3667	2331	2289
165	3126	2294
171	NA	2294
170	5332	2294
168	4332	2294
167	4332	2294
164	1972	2294
169	5332	2294
166	3973	2294
4128	4688	2307
4129	3528	2307
2997	4674	2311
2999	5126	2311
2998	4688	2311
1622	NA	2329
1708	4945	2330
1707	2347	2330
1702	2627	2330
1703	4943	2330
1706	2138	2330
1704	342	2330
1705	1125	2330
2281	4839	2336
2280	2849	2336
2278	4259	2336
2279	NA	2336
2283	3323	2336
2285	5156	2336
2284	NA	2336
2282	201	2336
2375	2457	2337
2370	5161	2337
2374	3323	2337
2378	1992	2337
2373	4925	2337
2368	NA	2337
2371	4507	2337
2369	4688	2337
2379	4259	2337
2376	4259	2337
2377	4809	2337
2372	1094	2337
3254	1684	2342
3255	NA	2342
3252	4843	2342
3253	4632	2342
2304	2627	2348
2302	2650	2348
2303	3837	2348
2311	257	2348
2301	4843	2348
2306	4839	2348
2309	4632	2348
2308	2347	2348
2305	1125	2348
2310	3312	2348
2307	2631	2348
1751	3493	2349
4	1657	2367
5	1705	2367
9	4332	2367
6	2376	2367
8	NA	2367
7	3465	2367
3163	2451	2375
2206	1873	2377
2204	3274	2377
2203	3527	2377
2201	4843	2377
2202	3328	2377
2205	2184	2377
2207	4788	2377
3375	NA	2388
3372	1709	2388
3374	1873	2388
3371	28	2388
3376	911	2388
3373	28	2388
2168	NA	2391
2171	4832	2391
2170	2544	2391
2169	1973	2391
2172	NA	2391
2418	NA	2394
2417	NA	2394
2420	NA	2394
2419	NA	2394
2432	NA	2396
2433	329	2396
2434	NA	2396
2428	NA	2397
2427	NA	2397
2426	342	2397
2454	NA	2399
2380	NA	2418
2435	NA	2437
2436	NA	2437
2422	NA	2439
3250	NA	2441
2463	565	2453
3529	4073	2453
3011	1021	2458
3010	NA	2458
3008	2631	2458
3012	3354	2458
3009	NA	2458
4806	2451	2461
4804	2138	2461
4807	505	2461
4805	505	2461
4803	3057	2461
4802	2488	2461
2046	2631	2470
2041	3874	2470
2043	2457	2470
2047	NA	2470
2040	1094	2470
2044	2457	2470
2042	3874	2470
2045	2631	2470
2482	NA	2484
2481	NA	2484
2483	NA	2484
2480	NA	2484
83	4069	2499
84	4925	2499
80	5320	2499
82	4925	2499
81	4656	2499
79	NA	2499
1098	NA	2504
2593	4614	2521
2591	1147	2521
2597	28	2521
2590	4843	2521
2599	4059	2521
2594	1147	2521
2596	28	2521
2598	1873	2521
2592	591	2521
2595	28	2521
3960	NA	2543
3958	28	2543
3959	1709	2543
910	3449	2556
911	4999	2556
3617	4332	2557
1368	NA	2557
3618	3126	2557
3842	NA	2562
3844	NA	2562
3845	NA	2562
3843	NA	2562
4334	NA	2563
4335	1872	2563
4331	1775	2563
4332	1483	2563
4336	NA	2563
4333	NA	2563
679	NA	2579
681	342	2579
683	NA	2579
684	5046	2579
678	1460	2579
680	5026	2579
682	333	2579
685	4535	2579
573	NA	2585
574	NA	2585
572	NA	2585
2189	NA	2610
2186	1447	2610
2188	NA	2610
2191	NA	2610
2185	4677	2610
2190	NA	2610
2187	427	2610
5154	1447	2611
2345	4703	2619
2344	521	2619
1732	5332	2620
1733	NA	2620
4199	NA	2639
4196	2651	2639
4198	NA	2639
4200	NA	2639
4195	5071	2639
4197	1478	2639
2643	NA	2644
2639	377	2644
2642	NA	2644
2640	NA	2644
2641	NA	2644
3459	NA	2659
1185	3989	2660
1183	4656	2660
1184	4925	2660
1181	4566	2660
1180	NA	2660
1186	3323	2660
1182	1094	2660
3745	3874	2662
3746	4925	2662
3747	4925	2662
3748	3323	2662
3750	NA	2662
3743	1094	2662
3744	4656	2662
3749	4839	2662
3576	2381	2663
3579	201	2663
3583	257	2663
3577	4069	2663
3580	4839	2663
3578	2627	2663
3581	2631	2663
3582	4809	2663
4173	NA	2667
4185	NA	2667
4178	NA	2667
4186	NA	2667
4176	NA	2667
4179	NA	2667
4171	NA	2667
4170	NA	2667
4172	NA	2667
4180	NA	2667
3526	NA	2671
3525	NA	2671
2672	1512	2679
2673	NA	2679
2675	377	2679
2668	1767	2679
2671	NA	2679
2669	695	2679
2676	NA	2679
2674	NA	2679
2667	NA	2679
2677	NA	2679
2670	1501	2679
2019	NA	2682
2022	NA	2682
2021	1992	2682
2020	4059	2682
2601	NA	2691
2600	NA	2691
4784	1758	2693
4783	48	2693
4782	4507	2693
4785	4035	2693
4781	3702	2693
4780	3785	2693
4421	912	2697
4420	4677	2697
4419	3126	2697
4422	912	2697
4423	429	2697
4424	NA	2697
4418	1709	2697
1127	3894	2698
1128	3894	2698
1129	4781	2698
4682	4144	2699
4683	5184	2699
2741	5332	2702
2736	5351	2702
2738	4501	2702
2739	NA	2702
2737	3529	2702
2732	257	2702
2733	NA	2702
2740	4501	2702
2735	2021	2702
2734	3785	2702
2731	NA	2702
4055	NA	2712
4050	4925	2712
4052	4296	2712
4054	184	2712
4051	4928	2712
4053	NA	2712
3180	NA	2719
3181	NA	2719
3182	NA	2719
3179	NA	2719
3178	NA	2719
3177	NA	2719
2727	NA	2730
2729	NA	2730
2728	NA	2730
2079	5037	2732
2083	NA	2732
2081	3156	2732
2082	NA	2732
2075	4677	2732
2084	4230	2732
2077	5351	2732
2080	NA	2732
2074	4018	2732
2078	NA	2732
2076	NA	2732
2085	NA	2732
3552	1758	2734
3548	2021	2734
3553	NA	2734
3549	NA	2734
3550	48	2734
3551	NA	2734
2317	1472	2740
4998	1081	2744
4999	1702	2744
5000	1702	2744
4992	1147	2744
4997	1844	2744
4991	NA	2744
4994	28	2744
4993	1149	2744
4996	1844	2744
4995	3274	2744
4990	1702	2744
1638	1899	2745
1636	2538	2745
1637	4614	2745
1635	NA	2745
1753	1471	2752
4968	NA	2756
4965	NA	2756
4966	NA	2756
4967	NA	2756
4969	2493	2756
1896	NA	2757
1898	NA	2757
1894	NA	2757
1899	2882	2757
1897	3301	2757
1895	NA	2757
2686	4313	2759
2683	NA	2759
2687	NA	2759
2680	4710	2759
2682	2493	2759
2685	1478	2759
2681	2142	2759
2684	NA	2759
2754	NA	2762
2756	NA	2762
2757	1449	2762
2759	447	2762
2753	NA	2762
2755	2209	2762
2761	NA	2762
2758	NA	2762
2760	NA	2762
2765	NA	2766
2764	NA	2766
2763	NA	2766
2788	3128	2774
2790	4035	2774
2791	4035	2774
2789	2213	2774
593	3964	2775
596	NA	2775
594	NA	2775
595	NA	2775
235	4035	2776
234	470	2776
1743	NA	2788
1741	2236	2788
1742	2605	2788
3900	3837	2823
2153	NA	2824
2215	1174	2825
2218	NA	2825
2219	NA	2825
2216	1125	2825
2220	NA	2825
2217	NA	2825
2087	4230	2840
2086	2077	2840
532	5186	2841
3616	NA	2842
3615	2077	2842
1712	4500	2848
1714	3312	2848
1710	2538	2848
1709	184	2848
1713	2376	2848
1711	2179	2848
2883	1149	2867
2886	4059	2867
2885	1844	2867
2884	NA	2867
3159	1642	2870
3162	2490	2870
3161	1870	2870
3156	591	2870
3158	4023	2870
3157	4023	2870
3160	4059	2870
2946	591	2872
2956	2490	2872
2952	28	2872
2950	1617	2872
2949	1617	2872
2955	1679	2872
2954	4351	2872
2947	4102	2872
2953	NA	2872
2951	NA	2872
2948	4023	2872
308	4506	2881
1992	2960	2892
1994	769	2892
1991	3836	2892
1989	2882	2892
1995	4313	2892
1988	2882	2892
1990	2960	2892
1993	769	2892
1987	2142	2892
2870	3989	2894
2867	3836	2894
2868	4196	2894
2872	4259	2894
2874	1679	2894
2869	250	2894
2866	1880	2894
2873	3515	2894
2871	NA	2894
601	2457	2897
603	4632	2897
599	484	2897
602	NA	2897
604	1425	2897
600	1021	2897
260	4703	2904
259	1665	2904
261	NA	2904
362	NA	2910
5199	4230	2914
5200	1468	2914
2818	2236	2922
2819	NA	2922
220	4754	2940
217	4772	2940
221	3914	2940
218	28	2940
215	4507	2940
216	28	2940
219	28	2940
4903	4089	2941
4904	4832	2941
4905	NA	2941
4900	28	2941
4902	NA	2941
4901	3146	2941
1716	4754	2944
1717	2384	2944
2970	2184	2946
2969	1642	2946
2968	1642	2946
2924	2236	2949
2925	4832	2949
2922	3465	2949
2920	NA	2949
2921	502	2949
2923	2544	2949
4174	NA	2957
4177	2651	2957
4175	NA	2957
4869	NA	2958
4865	3398	2958
4864	3554	2958
4868	1060	2958
4863	2767	2958
4866	2767	2958
4867	4750	2958
3781	1117	2959
538	NA	2973
539	NA	2973
536	4008	2973
537	5289	2973
533	NA	2973
535	2209	2973
534	NA	2973
2976	NA	2977
2974	NA	2977
2975	NA	2977
2973	1126	2977
2141	NA	2983
2140	NA	2983
2987	NA	2988
3034	2179	2993
12	NA	2997
945	3527	3000
950	2048	3000
946	1612	3000
949	5037	3000
947	1593	3000
948	4501	3000
540	2538	3006
542	5351	3006
541	2021	3006
543	NA	3006
5186	2477	3011
5181	NA	3011
5188	2185	3011
5187	1450	3011
5179	NA	3011
5182	1961	3011
5184	3785	3011
5178	4945	3011
5189	NA	3011
5185	NA	3011
5183	2164	3011
5180	2179	3011
4160	NA	3013
4161	NA	3013
2919	NA	3021
2916	4144	3021
2917	NA	3021
2914	1758	3021
2918	4230	3021
2915	3156	3021
621	5037	3025
622	3156	3025
619	2477	3025
623	427	3025
620	4501	3025
4775	NA	3036
4776	NA	3036
4774	28	3036
4778	4089	3036
4777	3245	3036
4779	3617	3036
4773	28	3036
1568	4832	3039
1567	NA	3039
4554	512	3042
4553	NA	3042
3622	NA	3047
3736	4300	3050
3735	591	3050
3737	1899	3050
3738	1844	3050
3742	1702	3050
3741	4059	3050
3740	2964	3050
3739	1844	3050
4437	4059	3051
4433	4059	3051
4436	3515	3051
4434	591	3051
4435	4259	3051
3053	1477	3055
3054	NA	3055
307	NA	3056
1087	1177	3061
1088	3515	3061
1084	250	3061
1086	NA	3061
1083	3836	3061
1085	NA	3061
1089	4843	3061
1082	5320	3061
4166	NA	3063
1911	3836	3064
1906	1511	3064
1912	3836	3064
1905	1022	3064
1400	5297	3064
1908	5297	3064
1910	3836	3064
1909	2142	3064
1907	NA	3064
2893	2142	3066
2892	377	3066
2894	2142	3066
2895	1880	3066
4846	1452	3067
1543	299	3067
3070	NA	3071
3069	377	3071
2106	NA	3071
4169	NA	3078
4168	NA	3078
4167	NA	3078
613	NA	3081
614	NA	3081
2588	NA	3083
2586	1504	3083
2585	861	3083
2587	NA	3083
2584	NA	3083
2644	NA	3087
3567	1020	3087
5337	377	3087
3082	NA	3088
3080	NA	3088
3081	NA	3088
3078	NA	3089
3085	377	3089
3065	NA	3089
3064	1767	3089
3066	1497	3089
3083	3595	3089
3086	3589	3089
3084	NA	3089
3079	NA	3089
2836	NA	3090
2834	NA	3090
2833	1767	3090
2832	NA	3090
2835	NA	3090
3108	NA	3091
3110	NA	3091
3111	NA	3091
3109	NA	3091
3112	NA	3091
2858	NA	3094
2859	4710	3094
2860	3836	3094
2855	NA	3094
2856	NA	3094
2853	NA	3094
2854	NA	3094
2857	NA	3094
3091	NA	3097
3093	NA	3097
3092	NA	3097
3090	NA	3097
3089	1126	3097
3096	NA	3097
3094	1767	3097
3095	NA	3097
3625	4809	3105
282	3328	3107
283	NA	3107
284	1617	3107
285	1617	3107
3527	3493	3113
28	NA	3113
1659	NA	3113
1456	5349	3114
3708	1452	3114
4703	1598	3114
1378	5349	3114
3850	NA	3115
3115	NA	3117
3874	3554	3119
3875	4111	3119
3876	5288	3119
3879	2631	3119
3878	1925	3119
3877	484	3119
3501	4067	3122
3504	2631	3122
3503	2631	3122
3502	484	3122
1067	1709	3127
1066	3274	3127
1065	3274	3127
1070	NA	3127
1068	NA	3127
1072	NA	3127
1069	NA	3127
1071	4703	3127
5108	NA	3134
5111	NA	3134
5114	3893	3134
5112	NA	3134
5107	NA	3134
5113	NA	3134
5110	2471	3134
5109	NA	3134
4303	4600	3135
281	4600	3135
1439	1480	3135
3134	1767	3135
3301	2899	3135
2628	NA	3136
2626	3554	3136
2627	2142	3136
2625	NA	3136
2629	NA	3136
21	NA	3137
16	NA	3137
22	4566	3137
20	NA	3137
18	NA	3137
19	NA	3137
15	NA	3137
17	NA	3137
2174	NA	3139
2177	5320	3139
2176	4064	3139
2173	NA	3139
2175	4527	3139
3105	1844	3144
3103	3836	3144
3100	3836	3144
3106	4115	3144
3104	NA	3144
3102	NA	3144
3107	4313	3144
3101	3836	3144
1514	4403	3151
1517	2185	3151
1515	4500	3151
1516	3894	3151
3808	4703	3167
3804	912	3167
3810	NA	3167
3809	5332	3167
3805	3894	3167
3806	5332	3167
3807	4781	3167
2552	4703	3168
2553	NA	3168
2551	429	3168
495	1461	3185
493	3992	3185
494	4800	3185
490	1174	3185
492	2532	3185
489	1094	3185
491	201	3185
4795	3387	3188
4797	NA	3188
4796	3387	3188
4794	NA	3188
4798	4707	3188
4793	NA	3188
3515	3387	3190
3524	3057	3190
3519	1910	3190
3517	NA	3190
3522	4800	3190
3523	NA	3190
3514	NA	3190
3518	5026	3190
3520	1510	3190
3521	2630	3190
3516	484	3190
4949	1461	3192
4945	4707	3192
4947	1466	3192
4946	5031	3192
4950	2302	3192
4948	1469	3192
3569	1094	3193
3571	3992	3193
3568	2488	3193
3575	3994	3193
3570	3837	3193
3573	1021	3193
3572	1125	3193
3574	4800	3193
5082	2899	3202
5081	NA	3202
5085	NA	3202
5087	NA	3202
5084	NA	3202
5086	NA	3202
5083	4566	3202
3201	NA	3204
3202	1497	3204
3200	NA	3204
3203	NA	3204
2526	NA	3213
3211	NA	3216
3213	NA	3216
3212	NA	3216
3214	NA	3216
3215	NA	3216
3210	NA	3216
4662	NA	3217
4660	505	3217
4663	NA	3217
4661	NA	3217
4664	1574	3217
5330	NA	3224
5331	48	3224
3754	NA	3228
3753	1462	3228
3751	4122	3228
3752	2605	3228
5353	NA	3230
5352	4035	3230
5324	NA	3231
3486	3128	3244
3484	5126	3244
3485	NA	3244
2268	4703	3246
2269	NA	3246
2270	NA	3246
2267	4332	3246
3847	NA	3248
3848	NA	3248
4935	4788	3257
4931	701	3257
4934	1873	3257
4932	701	3257
4940	4408	3257
4937	4408	3257
4936	3965	3257
4941	NA	3257
4933	NA	3257
4930	701	3257
4938	4408	3257
4939	3245	3257
570	701	3264
568	701	3264
571	2184	3264
567	4614	3264
569	701	3264
3291	5320	3282
3288	4566	3282
3294	NA	3282
3289	4566	3282
3286	NA	3282
3290	1906	3282
3292	210	3282
3293	4656	3282
3287	2767	3282
1624	2527	3291
3297	NA	3299
3298	NA	3299
2770	NA	3305
2771	NA	3305
1609	NA	3310
3651	1899	3311
4204	NA	3313
4203	1844	3313
4202	1844	3313
4201	1177	3313
405	591	3315
407	1992	3315
408	1702	3315
404	1147	3315
406	1147	3315
402	1081	3315
403	1702	3315
36	5026	3318
37	1467	3318
4041	NA	3320
4043	NA	3320
4040	NA	3320
4038	NA	3320
4044	NA	3320
4042	NA	3320
4039	1486	3320
1108	3837	3324
1109	2631	3324
1107	4067	3324
4389	2631	3325
4390	2457	3325
4761	4800	3327
4757	201	3327
4754	2538	3327
4755	1453	3327
4760	4632	3327
4753	3872	3327
4756	1943	3327
4758	1446	3327
4759	4632	3327
1102	749	3330
1103	5351	3330
1104	NA	3330
1100	2488	3330
1101	NA	3330
597	NA	3339
2633	4507	3345
330	3894	3348
331	912	3348
71	512	3349
74	4977	3349
73	5332	3349
72	4332	3349
75	NA	3349
4402	4674	3352
4721	1702	3353
4718	NA	3353
4722	3328	3353
4720	NA	3353
4719	NA	3353
2212	1149	3362
2213	4688	3362
2210	3057	3362
2211	1435	3362
2214	4688	3362
4808	1479	3363
3715	2347	3369
3716	2347	3369
3717	NA	3369
2615	NA	3371
2614	5332	3371
3397	NA	3384
3398	NA	3384
3696	4304	3389
4632	3893	3391
4634	2627	3391
4633	NA	3391
4635	1910	3391
4637	NA	3391
4638	NA	3391
4631	NA	3391
4636	NA	3391
4630	3782	3391
3383	NA	3396
3386	NA	3396
3387	2899	3396
3394	NA	3396
3388	2899	3396
3393	NA	3396
3382	NA	3396
1015	NA	3396
3392	1117	3396
3395	NA	3396
3389	1042	3396
3391	4346	3396
3385	NA	3396
3384	NA	3396
3390	NA	3396
4578	NA	3400
4580	NA	3400
4577	NA	3400
4579	NA	3400
999	3573	3404
3701	1490	3411
3700	2488	3411
3702	4945	3411
5040	2488	3414
3868	4500	3426
3871	912	3426
3867	1543	3426
3870	4408	3426
3869	4408	3426
2254	4408	3427
2256	510	3427
2253	162	3427
2255	4351	3427
2257	4408	3427
2252	NA	3427
4233	419	3435
4235	4357	3435
4239	4351	3435
4234	711	3435
4236	5126	3435
4237	NA	3435
4238	147	3435
671	4408	3441
673	4408	3441
670	4408	3441
669	1974	3441
668	4500	3441
672	4408	3441
4612	1508	3445
4614	4296	3445
4615	2631	3445
4613	2457	3445
4616	257	3445
4611	NA	3445
4609	NA	3445
4610	NA	3445
411	1458	3461
410	NA	3461
409	NA	3461
412	4403	3461
151	4408	3469
153	4408	3469
152	4408	3469
3584	NA	3470
1893	NA	3480
1892	5332	3480
1888	912	3480
1890	4332	3480
1889	NA	3480
1891	1967	3480
3487	NA	3488
4557	NA	3490
4556	NA	3490
1417	1925	3490
4558	1925	3490
4555	NA	3490
4561	NA	3490
4560	1908	3490
4559	NA	3490
578	4839	3494
577	NA	3494
4023	1500	3510
1939	591	3511
1941	1110	3511
1943	2457	3511
1937	2490	3511
1938	4059	3511
1940	1147	3511
1944	4059	3511
1942	1081	3511
3654	2630	3518
3656	NA	3518
3655	4800	3518
797	NA	3519
795	NA	3519
794	NA	3519
793	5133	3519
792	NA	3519
796	1425	3519
1062	193	3520
1063	1461	3520
1064	37	3520
1688	201	3530
1686	3893	3530
1685	3893	3530
1687	3874	3530
292	NA	3531
291	3893	3531
293	4839	3531
294	1125	3531
296	201	3531
295	2631	3531
290	1094	3531
4503	1125	3532
4506	201	3532
4504	201	3532
4501	299	3532
4500	257	3532
4505	201	3532
4508	4469	3532
4502	4928	3532
4507	257	3532
3688	2833	3538
3686	NA	3538
3695	3992	3538
3692	NA	3538
3693	1475	3538
3691	NA	3538
3694	NA	3538
3685	NA	3538
3684	2899	3538
3683	NA	3538
3687	3554	3538
3689	NA	3538
3690	NA	3538
1052	3831	3539
1051	4061	3539
4607	NA	3540
4606	NA	3540
4603	NA	3540
4605	NA	3540
4608	NA	3540
4602	NA	3540
4601	3831	3540
4604	NA	3540
778	881	3545
782	NA	3545
784	NA	3545
783	NA	3545
777	NA	3545
780	NA	3545
779	NA	3545
781	NA	3545
5343	NA	3559
1602	NA	3564
1605	2827	3564
1603	NA	3564
1604	3323	3564
3564	NA	3567
3566	NA	3567
3565	NA	3567
829	4632	3571
830	2581	3571
3463	3527	3575
3461	2488	3575
3464	3527	3575
3462	193	3575
3558	4839	3576
3557	4839	3576
3559	2631	3576
3560	1684	3576
3561	4843	3576
3437	3328	3580
3440	419	3580
3439	4674	3580
3435	3312	3580
3441	1709	3580
3443	5126	3580
3438	2538	3580
3442	4357	3580
3436	4688	3580
2236	3527	3582
2237	1543	3582
2238	3527	3582
2232	3328	3582
2230	4843	3582
2234	4688	3582
2231	4674	3582
2233	NA	3582
2235	NA	3582
3623	NA	3596
3624	NA	3596
2399	NA	3602
2393	NA	3602
2398	NA	3602
2394	NA	3602
2400	NA	3602
2397	NA	3602
2395	NA	3602
2396	NA	3602
3500	NA	3609
1805	1177	3611
1807	3515	3611
1804	NA	3611
1799	2960	3611
1797	4750	3611
1810	NA	3611
1800	4925	3611
1801	3836	3611
1803	3989	3611
1808	4259	3611
1798	3836	3611
1802	201	3611
1809	1702	3611
1806	4259	3611
3901	NA	3623
3902	NA	3623
2659	NA	3632
2661	NA	3632
2662	2767	3632
2658	NA	3632
2663	4750	3632
2660	2899	3632
2000	2767	3636
1999	NA	3636
2003	3893	3636
2001	3836	3636
2005	2381	3636
2002	4538	3636
2006	769	3636
2004	5320	3636
2024	3836	3637
2027	4656	3637
2030	3323	3637
2028	4069	3637
2023	536	3637
2025	NA	3637
2026	2627	3637
2029	769	3637
3635	NA	3641
3631	NA	3641
3636	4303	3641
3634	NA	3641
3640	3836	3641
3632	1449	3641
3633	NA	3641
3639	NA	3641
3638	2833	3641
3637	3854	3641
3759	28	3647
3762	1709	3647
3764	1974	3647
3760	28	3647
3761	28	3647
3763	1873	3647
3757	1147	3647
3755	4023	3647
3756	1149	3647
3758	4023	3647
3765	2390	3647
2913	NA	3657
2910	NA	3657
2911	NA	3657
2912	4783	3657
4330	NA	3658
4329	NA	3658
3555	NA	3660
715	3527	3674
714	NA	3674
716	NA	3674
713	2376	3674
717	NA	3674
2841	4501	3677
2840	3894	3677
2839	4677	3677
2844	NA	3677
2843	5332	3677
2842	2589	3677
1560	2477	3678
1561	1564	3678
1648	4501	3679
1651	4230	3679
1652	NA	3679
1649	NA	3679
1647	1758	3679
1650	NA	3679
2550	NA	3681
2548	NA	3681
2547	427	3681
2549	1468	3681
3418	NA	3684
3422	NA	3684
3416	NA	3684
3421	NA	3684
3417	NA	3684
3420	NA	3684
3419	NA	3684
3415	1403	3684
3699	NA	3693
3703	NA	3712
3734	NA	3713
834	NA	3724
232	4259	3747
233	3737	3747
231	4196	3747
230	4843	3747
52	1873	3759
58	NA	3759
53	NA	3759
55	1974	3759
54	3146	3759
57	2390	3759
56	3146	3759
667	3057	3787
2192	2376	3800
2193	3973	3800
2620	4501	3801
2622	4977	3801
2619	2477	3801
2618	3527	3801
2621	4144	3801
2143	257	3802
2995	5332	3804
2996	NA	3804
2431	NA	3805
2430	5186	3805
4030	3529	3813
4031	3973	3813
4029	1454	3813
4032	147	3813
4028	NA	3813
4033	NA	3813
4034	510	3813
2384	3973	3814
2382	1943	3814
2385	4332	3814
2386	NA	3814
2383	3274	3814
3340	4332	3815
3337	3973	3815
3341	5332	3815
3338	512	3815
3334	5126	3815
3335	3274	3815
3342	4703	3815
3336	1974	3815
3343	1462	3815
3339	4332	3815
4450	NA	3825
3188	2899	3833
3189	4061	3833
3191	3301	3833
3190	1042	3833
3197	NA	3833
3194	3387	3833
3192	3387	3833
3193	484	3833
3196	NA	3833
3195	2381	3833
1822	1021	3839
1819	304	3839
1820	3893	3839
1821	2631	3839
1823	5031	3839
3835	NA	3841
3833	1480	3841
3840	NA	3841
3839	1476	3841
3837	4061	3841
3836	2899	3841
3834	NA	3841
3832	4008	3841
3838	243	3841
3831	2209	3841
4929	4750	3853
4925	2899	3853
4924	1117	3853
4928	5288	3853
4921	NA	3853
4918	1501	3853
4926	1117	3853
4920	NA	3853
4919	NA	3853
4927	4566	3853
4923	2899	3853
4922	2899	3853
3859	NA	3864
3860	NA	3864
3852	NA	3864
3853	1477	3864
3862	NA	3864
3854	2209	3864
3857	NA	3864
3856	NA	3864
3858	NA	3864
3863	NA	3864
3861	NA	3864
3851	1767	3864
3855	1767	3864
3866	NA	3870
4466	201	3876
4463	2631	3876
4465	3994	3876
4467	4800	3876
4464	1110	3876
4462	4943	3876
4535	2138	3877
4536	505	3877
4534	1110	3877
4533	NA	3877
544	2184	3883
4139	3716	3895
2505	NA	3903
2507	NA	3903
2508	NA	3903
2506	NA	3903
2504	NA	3903
2509	NA	3903
2503	NA	3903
174	NA	3904
173	NA	3904
175	NA	3904
172	NA	3904
4312	NA	3906
4313	3284	3906
4314	NA	3906
3906	NA	3908
3904	NA	3908
3907	NA	3908
3905	NA	3908
3903	NA	3908
4182	5126	3910
4183	3798	3910
4181	419	3910
4184	5126	3910
4375	3128	3913
4377	4035	3913
4373	470	3913
4379	NA	3913
4378	4035	3913
4374	3894	3913
4376	4035	3913
4231	NA	3916
4232	NA	3916
5041	NA	3917
23	NA	3924
27	NA	3924
26	NA	3924
24	NA	3924
25	NA	3924
3925	NA	3928
3926	NA	3928
3927	NA	3928
3924	1503	3928
3923	NA	3928
3922	NA	3928
1040	NA	3933
1039	NA	3933
1038	NA	3933
1041	4746	3933
1037	NA	3933
3849	NA	3934
3930	1126	3938
3931	NA	3938
3934	NA	3938
3932	NA	3938
3935	NA	3938
3937	NA	3938
3933	4095	3938
3936	NA	3938
3929	NA	3938
3987	5186	3945
3911	565	3946
3913	28	3946
3915	470	3946
3918	3817	3946
3912	1873	3946
3914	2376	3946
3910	3057	3946
3917	470	3946
3916	4500	3946
722	3126	3947
724	540	3947
721	4445	3947
720	1705	3947
728	4332	3947
723	3126	3947
725	NA	3947
729	4035	3947
726	147	3947
730	2605	3947
727	48	3947
731	5332	3947
1696	3128	3954
1699	3132	3954
1700	4035	3954
1701	NA	3954
1697	4035	3954
1698	1462	3954
974	48	3963
973	187	3963
977	540	3963
976	3126	3963
975	3156	3963
4096	912	3968
4100	4035	3968
4098	4122	3968
4099	NA	3968
4097	3617	3968
3331	4800	3988
3323	5288	3988
3327	1925	3988
3324	2651	3988
3326	484	3988
3330	2347	3988
3329	1110	3988
3328	2631	3988
3325	342	3988
4350	NA	4016
4357	3528	4016
4356	4387	4016
4354	NA	4016
4348	3497	4016
4349	NA	4016
4355	1684	4016
4352	1147	4016
4353	1758	4016
4351	565	4016
1885	NA	4017
3698	NA	4032
3697	5186	4032
2705	4506	4045
3277	4535	4047
3278	2488	4047
2032	NA	4048
2031	905	4048
1656	3700	4049
1655	2021	4049
1654	1453	4049
3304	NA	4063
3306	NA	4063
3307	NA	4063
3305	NA	4063
3303	NA	4063
3499	NA	4065
3492	NA	4065
3491	2899	4065
3493	3893	4065
3497	342	4065
3494	1486	4065
3490	1042	4065
3498	3838	4065
3496	342	4065
3489	NA	4065
3495	NA	4065
3399	NA	4070
3400	NA	4070
4071	NA	4072
4069	3554	4072
4065	2899	4072
4067	4304	4072
4061	1480	4072
4064	4095	4072
4066	NA	4072
4062	4600	4072
4068	NA	4072
4063	NA	4072
4070	NA	4072
2982	NA	4084
2981	NA	4084
2984	4781	4084
2979	3708	4084
2985	521	4084
2980	3973	4084
2986	2077	4084
2983	NA	4084
2978	2376	4084
4667	4144	4085
4669	2077	4085
4666	NA	4085
4668	4144	4085
4665	912	4085
3920	NA	4093
3921	NA	4093
3919	NA	4093
2326	NA	4096
2265	NA	4097
4004	3018	4110
4005	1974	4110
4006	4089	4110
4003	NA	4110
3999	4059	4110
4000	4126	4110
4007	4059	4110
4002	4500	4110
4001	1149	4110
4811	4943	4116
4809	2627	4116
4810	NA	4116
4812	NA	4116
4813	2457	4116
4814	3515	4116
4815	NA	4116
4325	3128	4119
4326	4035	4119
4322	470	4119
4324	5183	4119
4321	4445	4119
4327	4122	4119
4328	2605	4119
4318	905	4119
4323	540	4119
4317	905	4119
4319	4507	4119
4320	48	4119
3224	48	4121
3228	48	4121
3226	4445	4121
3234	NA	4121
3233	5332	4121
3227	540	4121
3229	3894	4121
3232	4275	4121
3231	NA	4121
3225	3126	4121
3230	3128	4121
700	1488	4123
697	299	4123
699	1943	4123
696	1149	4123
698	193	4123
5309	193	4124
5312	4500	4124
5311	4688	4124
5308	193	4124
5307	3528	4124
5310	4688	4124
98	912	4127
95	3274	4127
96	2566	4127
94	2376	4127
99	1973	4127
97	470	4127
93	419	4127
4103	1844	4134
4101	1125	4134
4102	201	4134
2890	NA	4138
2887	NA	4138
2888	NA	4138
1396	NA	4138
2889	NA	4138
1471	NA	4138
1347	NA	4138
4140	NA	4141
4190	NA	4164
4193	2627	4164
4191	NA	4164
4189	NA	4164
4192	NA	4164
4163	NA	4166
4162	NA	4166
4165	NA	4166
4164	NA	4166
1839	4229	4177
1838	1463	4177
1840	2631	4177
4009	NA	4179
4010	NA	4179
4011	NA	4179
1559	NA	4190
3355	NA	4195
3353	NA	4195
3354	4943	4195
513	NA	4201
514	1147	4201
515	193	4201
213	NA	4215
211	NA	4215
212	NA	4215
214	NA	4215
929	NA	4217
932	NA	4217
930	NA	4217
928	NA	4217
931	NA	4217
4695	NA	4218
4698	4851	4218
4700	1495	4218
4696	NA	4218
4697	NA	4218
4699	NA	4218
263	1495	4220
4225	NA	4222
4224	NA	4222
4510	NA	4223
4511	NA	4223
4512	NA	4223
4509	NA	4223
4240	NA	4226
4241	NA	4226
5148	147	4235
5149	1456	4235
5150	4408	4235
5152	4408	4235
5151	1665	4235
5153	NA	4235
3432	NA	4236
3431	3894	4236
2089	701	4243
2091	912	4243
2093	1456	4243
2088	1485	4243
2090	3798	4243
2092	162	4243
1551	912	4245
1553	4703	4245
1550	4500	4245
1552	4351	4245
3791	4943	4258
2850	2347	4262
2846	NA	4262
2849	1910	4262
2847	3837	4262
2845	NA	4262
2848	1125	4262
4267	NA	4269
4268	NA	4269
4266	NA	4269
2069	4781	4270
2070	NA	4270
636	2767	4278
637	NA	4278
638	3893	4278
635	3301	4278
3538	NA	4286
3536	NA	4286
3535	NA	4286
3540	NA	4286
3545	2882	4286
3537	NA	4286
3543	NA	4286
3539	3302	4286
3544	NA	4286
3541	NA	4286
3546	NA	4286
3542	NA	4286
3547	NA	4286
4292	NA	4293
4288	NA	4293
4286	NA	4293
4287	NA	4293
4290	NA	4293
4291	NA	4293
4289	NA	4293
4305	NA	4307
4306	NA	4307
4304	NA	4307
791	NA	4317
789	NA	4317
787	NA	4317
785	4849	4317
790	2077	4317
786	540	4317
788	NA	4317
1518	5037	4320
1521	4781	4320
1520	NA	4320
1519	912	4320
1522	4501	4320
1523	2077	4320
5104	4035	4321
5105	4703	4321
5106	5332	4321
5103	912	4321
4338	NA	4340
4339	NA	4340
4337	NA	4340
3246	4445	4356
3243	4688	4356
3244	711	4356
3247	4408	4356
3242	4688	4356
3248	NA	4356
3245	711	4356
4365	NA	4366
4364	NA	4366
4361	NA	4366
4363	NA	4366
4362	NA	4366
4370	NA	4373
4371	NA	4373
4913	4035	4375
3221	4507	4381
3220	NA	4381
4417	NA	4384
4416	2302	4384
341	3057	4385
340	1479	4385
3410	NA	4389
3407	NA	4389
3408	NA	4389
3413	193	4389
3406	682	4389
3414	3994	4389
3409	4506	4389
3411	505	4389
3412	1473	4389
397	NA	4392
396	NA	4392
394	NA	4392
393	912	4392
395	3894	4392
3238	28	4397
3239	2184	4397
3235	4688	4397
3236	3328	4397
3237	2849	4397
3240	NA	4397
3241	3146	4397
1669	3964	4409
1667	4332	4409
1663	1147	4409
1672	1462	4409
1670	470	4409
1665	4500	4409
1671	470	4409
1668	87	4409
1666	NA	4409
1664	4445	4409
914	NA	4411
915	NA	4411
919	NA	4411
920	4073	4411
918	NA	4411
921	NA	4411
912	4073	4411
917	1147	4411
916	565	4411
913	NA	4411
922	4387	4411
3962	275	4413
3970	3128	4413
3963	4158	4413
3969	NA	4413
3968	540	4413
3971	275	4413
3964	565	4413
3965	565	4413
3967	4445	4413
3966	1147	4413
4563	1482	4421
4562	1459	4421
3349	4500	4428
3345	193	4428
3350	3527	4428
3344	3528	4428
3351	4351	4428
3348	2021	4428
3346	4688	4428
3352	257	4428
3347	3527	4428
3818	3527	4430
3813	2215	4430
3820	4351	4430
3814	3528	4430
3817	5126	4430
3816	1707	4430
3819	912	4430
3815	4688	4430
677	28	4433
676	28	4433
3037	28	4436
3038	28	4436
3039	1873	4436
3035	3328	4436
3036	4023	4436
4444	NA	4449
4442	NA	4449
4443	NA	4449
1928	4059	4457
1929	591	4457
1932	28	4457
1933	4313	4457
1936	4059	4457
1931	28	4457
1935	4196	4457
1927	1081	4457
1934	1844	4457
1930	NA	4457
2012	28	4460
2014	4196	4460
2009	1147	4460
2011	1147	4460
2008	1147	4460
2015	1702	4460
2013	4259	4460
2007	2490	4460
2010	1147	4460
2290	NA	4464
2292	4800	4464
2287	2488	4464
2288	193	4464
2286	3872	4464
2289	1961	4464
2291	4800	4464
39	4725	4470
47	257	4470
40	2179	4470
42	1021	4470
45	1455	4470
41	1093	4470
43	2581	4470
46	4945	4470
44	3992	4470
48	3994	4470
1411	204	4471
4138	1125	4471
2184	1488	4472
2182	NA	4472
2181	4469	4472
2183	NA	4472
2180	2488	4472
3042	2179	4475
3044	1458	4475
3040	4725	4475
3046	512	4475
3047	3994	4475
3041	1453	4475
3043	3702	4475
3045	512	4475
2331	1453	4477
4486	2347	4489
4484	201	4489
4482	NA	4489
4485	NA	4489
4483	591	4489
4984	NA	4494
4982	NA	4494
4985	NA	4494
4983	NA	4494
4121	905	4502
4125	257	4502
4122	4445	4502
4119	3057	4502
4123	201	4502
4124	3312	4502
4127	3497	4502
4126	4800	4502
4120	4688	4502
3592	2899	4522
3590	NA	4522
3593	NA	4522
3589	1449	4522
3594	2645	4522
3591	NA	4522
4550	2899	4523
4547	NA	4523
4548	4008	4523
4549	4008	4523
4551	2767	4523
4521	NA	4525
4519	NA	4525
4520	NA	4525
4518	NA	4525
4047	4800	4534
4045	3354	4534
4049	1457	4534
4046	NA	4534
4048	3872	4534
435	NA	4544
432	NA	4544
436	NA	4544
434	NA	4544
433	NA	4544
5115	NA	4548
5116	3554	4548
5119	NA	4548
5120	3398	4548
5117	3832	4548
5118	2767	4548
4264	3837	4549
4265	3837	4549
4261	NA	4549
4263	NA	4549
4262	2767	4549
1106	NA	4557
1105	NA	4557
3599	NA	4560
3598	NA	4560
3600	1775	4560
3597	NA	4560
4453	NA	4571
4461	4809	4571
4454	3836	4571
4458	2527	4571
4452	3836	4571
4460	1702	4571
4451	3836	4571
4456	177	4571
4457	3836	4571
4455	3989	4571
4459	769	4571
4489	3398	4572
4492	769	4572
4491	3874	4572
4490	4115	4572
3673	769	4573
3672	3836	4573
3670	NA	4573
3671	3836	4573
2522	1844	4574
2523	1844	4574
2520	3989	4574
2521	4259	4574
2519	4925	4574
2517	1147	4574
2518	3836	4574
4223	NA	4582
4222	NA	4582
2994	NA	4583
4539	NA	4585
4540	NA	4585
1951	1467	4589
1950	1475	4589
1948	NA	4589
1947	1470	4589
1946	NA	4589
1949	484	4589
2332	NA	4590
2333	3387	4590
193	1021	4591
190	NA	4591
192	3874	4591
194	3994	4591
191	3387	4591
4477	2302	4592
4471	NA	4592
4473	1949	4592
4474	2630	4592
4475	3995	4592
4472	436	4592
4470	4943	4592
4476	3994	4592
4469	3387	4592
4301	2630	4594
4302	2302	4594
4299	2630	4594
4296	4707	4594
4300	1021	4594
4297	NA	4594
4298	1021	4594
4295	4707	4594
105	1464	4595
100	3872	4595
101	5026	4595
102	4707	4595
104	1494	4595
103	2581	4595
108	1461	4595
106	1469	4595
107	2630	4595
109	682	4595
3627	NA	4601
3628	NA	4601
3626	NA	4601
3629	NA	4601
4769	5133	4615
4768	3057	4615
4772	4688	4615
4771	4688	4615
4770	NA	4615
3151	193	4616
3152	4688	4616
4652	1474	4617
4648	4688	4617
4651	2631	4617
4650	2184	4617
4647	3528	4617
4649	1705	4617
4653	257	4617
3800	4535	4618
3799	3057	4618
3801	3527	4618
3802	257	4618
3803	5156	4618
3798	3057	4618
2656	3126	4619
2654	1401	4619
2653	3405	4619
2655	4688	4619
2657	4501	4619
2652	3528	4619
3771	4408	4626
3770	4754	4626
3772	3965	4626
3773	4408	4626
2574	2164	4640
2573	4506	4640
2932	187	4645
2152	5332	4647
2151	3894	4647
2148	162	4647
2146	NA	4647
2150	4677	4647
2147	4674	4647
2149	5126	4647
297	5351	4648
4766	NA	4649
4767	2589	4649
4765	NA	4649
3896	NA	4651
3898	2451	4651
3897	540	4651
3895	2538	4651
956	912	4653
961	1973	4653
953	701	4653
954	5350	4653
952	3057	4653
959	3894	4653
955	4445	4653
957	912	4653
958	512	4653
960	2213	4653
951	5133	4653
4689	NA	4659
4688	2457	4659
4690	2347	4659
4691	NA	4659
4686	2627	4659
4684	3874	4659
4687	1125	4659
4685	4728	4659
2476	NA	4660
2479	NA	4660
2477	1452	4660
2478	1452	4660
3165	4674	4678
3168	3126	4678
3166	2376	4678
3167	2021	4678
3169	4332	4678
4187	NA	4706
178	NA	4708
180	377	4708
181	4304	4708
176	NA	4708
179	NA	4708
177	4401	4708
4843	3836	4711
4842	3836	4711
4840	5320	4711
4837	4746	4711
4836	NA	4711
4838	4527	4711
4839	2142	4711
4841	NA	4711
2713	3836	4714
2710	4527	4714
2712	2882	4714
2711	3836	4714
2715	1906	4714
2714	4925	4714
2708	2142	4714
2709	NA	4714
4026	NA	4721
4025	NA	4721
4027	1850	4721
3308	4535	4722
2560	2627	4739
2566	2460	4739
2558	NA	4739
2559	2627	4739
2564	NA	4739
2555	NA	4739
2561	NA	4739
2556	NA	4739
2557	3527	4739
2565	NA	4739
2562	1464	4739
2554	NA	4739
2563	5046	4739
4715	NA	4742
4709	NA	4742
4716	NA	4742
4713	NA	4742
4708	695	4742
4711	447	4742
4714	447	4742
4712	1481	4742
4710	3595	4742
4572	2142	4745
4569	NA	4745
4573	1880	4745
4574	2960	4745
4571	447	4745
4567	NA	4745
4566	4401	4745
4568	NA	4745
4570	447	4745
3614	2827	4747
3611	2142	4747
3613	NA	4747
3612	3836	4747
3610	447	4747
3609	1022	4747
4751	NA	4752
4745	1767	4752
4746	1449	4752
4742	598	4752
4747	4600	4752
4744	NA	4752
4750	NA	4752
4748	NA	4752
4743	NA	4752
4749	NA	4752
1662	4445	4753
1661	1943	4753
3020	3785	4755
3023	5037	4755
3024	2589	4755
3021	3527	4755
3019	4688	4755
3022	2477	4755
3652	4342	4756
3653	3527	4756
809	1961	4760
810	3702	4760
811	3785	4760
807	3057	4760
806	3057	4760
808	NA	4760
3682	5332	4761
3674	2538	4761
3676	5350	4761
3677	3702	4761
3678	48	4761
3679	4500	4761
3675	NA	4761
3680	3527	4761
3681	2477	4761
4762	NA	4764
2325	429	4774
4789	NA	4780
4791	NA	4780
4792	297	4780
4790	NA	4780
2473	NA	4791
2472	NA	4791
2157	4707	4794
2161	2630	4794
2163	4800	4794
2164	3994	4794
2158	4707	4794
2165	4687	4794
2156	3387	4794
2159	1110	4794
2160	2630	4794
2162	4632	4794
2875	5026	4795
2878	3992	4795
2877	2630	4795
2876	1949	4795
2881	3994	4795
2880	4800	4795
2879	NA	4795
1420	3992	4795
1090	1021	4796
962	193	4802
963	4506	4802
4704	4945	4805
4479	NA	4813
4478	5136	4813
2033	NA	4818
5190	2544	4826
5192	NA	4826
5191	NA	4826
926	NA	4833
924	1967	4833
925	NA	4833
4194	4332	4850
1155	3836	4863
1160	2627	4863
1159	3837	4863
1157	4111	4863
1161	NA	4863
1158	NA	4863
1162	1899	4863
1156	NA	4863
4617	349	4866
4618	201	4866
4619	4632	4866
3136	695	4871
3141	3851	4871
3143	NA	4871
3137	1449	4871
3138	4401	4871
3140	NA	4871
3144	377	4871
3142	NA	4871
3139	447	4871
244	NA	4872
246	NA	4872
252	304	4872
253	3836	4872
251	2142	4872
248	3854	4872
249	447	4872
245	447	4872
247	447	4872
243	1754	4872
250	2142	4872
5062	4346	4875
5061	NA	4875
5063	4873	4875
5064	2882	4875
5060	377	4875
5065	NA	4875
5066	NA	4875
4872	1126	4879
4871	1126	4879
4877	NA	4879
4876	695	4879
4875	695	4879
4873	1767	4879
4874	695	4879
4878	1020	4879
1175	3301	4884
1173	NA	4884
1171	3554	4884
1176	3836	4884
1174	2899	4884
1172	NA	4884
1177	4750	4884
2328	2899	4887
2329	NA	4887
2327	2899	4887
2330	4712	4887
206	2527	4888
205	2381	4888
203	NA	4888
202	3893	4888
208	NA	4888
200	763	4888
204	4550	4888
209	1910	4888
201	3893	4888
207	3838	4888
199	861	4888
198	NA	4888
1868	3387	4889
1870	3893	4889
1864	5288	4889
1869	NA	4889
1867	NA	4889
1872	1110	4889
1871	2627	4889
1865	NA	4889
1866	NA	4889
4739	3893	4891
4738	NA	4891
4740	2381	4891
4741	NA	4891
4881	1477	4892
4886	1734	4892
4885	NA	4892
4888	5289	4892
4889	2899	4892
4883	NA	4892
4884	1449	4892
4882	695	4892
4887	5289	4892
4891	1117	4892
4890	NA	4892
70	NA	4901
69	2390	4901
4909	NA	4910
1832	3782	4922
1829	1117	4922
1830	3398	4922
1834	3837	4922
1837	3874	4922
1833	4111	4922
1836	2381	4922
1831	NA	4922
1835	342	4922
2348	3398	4923
2346	2670	4923
2351	4550	4923
2350	1094	4923
2347	NA	4923
2349	3837	4923
2352	NA	4923
2353	201	4923
4961	3965	4930
4963	NA	4930
4962	5332	4930
4960	147	4930
529	4408	4934
531	NA	4934
530	3965	4934
528	4332	4934
4970	4558	4946
2900	2630	4947
1791	711	4952
1789	2538	4952
1795	1473	4952
1796	257	4952
1788	2215	4952
1793	2631	4952
1794	2347	4952
1790	NA	4952
1792	2347	4952
877	2538	4957
876	2215	4957
879	3527	4957
878	4674	4957
875	1487	4957
3481	NA	4958
3479	701	4958
3483	3973	4958
3478	1479	4958
3480	3527	4958
3482	4507	4958
2852	NA	4960
2851	799	4960
189	4445	4975
3663	1873	4994
3662	1873	4994
3665	4089	4994
3664	4089	4994
3666	NA	4994
775	NA	4996
776	4664	4996
772	3528	4996
774	4535	4996
773	2538	4996
5177	NA	4997
5175	1709	4997
5176	NA	4997
5172	2538	4997
5174	5126	4997
5173	NA	4997
5171	184	4997
3472	4408	5003
3468	3146	5003
3477	NA	5003
3469	1873	5003
3466	701	5003
3467	3274	5003
3465	701	5003
3470	4788	5003
3475	4408	5003
3474	5332	5003
3476	4408	5003
3473	4408	5003
3471	162	5003
1140	3146	5004
1143	3965	5004
1142	3965	5004
1139	4788	5004
1144	4408	5004
1138	1873	5004
1136	NA	5004
1137	3274	5004
1141	3965	5004
2904	512	5007
2909	4089	5007
2906	5332	5007
2903	4788	5007
2907	3965	5007
2908	3965	5007
2902	1873	5007
2905	4408	5007
2535	5332	5012
2536	NA	5012
2537	NA	5012
1689	NA	5015
2316	NA	5023
2315	4408	5023
2314	4408	5023
5016	NA	5027
5018	NA	5027
5020	4707	5027
5015	485	5027
5019	NA	5027
5021	4707	5027
5017	484	5027
1682	1110	5053
1681	4469	5053
1680	4069	5053
1679	1094	5053
1678	342	5053
746	1125	5056
745	769	5056
750	257	5056
749	2347	5056
747	4839	5056
748	5046	5056
744	184	5056
4430	257	5057
4426	1125	5057
4428	2347	5057
4431	257	5057
4427	201	5057
4429	2347	5057
4425	2215	5057
5045	4527	5060
5043	377	5060
5042	NA	5060
5047	NA	5060
5046	2882	5060
5044	4873	5060
5048	3836	5060
4107	250	5064
4106	NA	5064
4105	NA	5064
4110	4196	5064
4109	1177	5064
4108	4928	5064
5049	NA	5067
5051	NA	5067
5050	NA	5067
5338	4351	5068
5340	4501	5068
5342	NA	5068
5339	4332	5068
5341	5332	5068
4270	4500	5069
4272	3374	5069
4273	NA	5069
4271	4781	5069
625	NA	5072
631	NA	5072
629	NA	5072
627	861	5072
634	NA	5072
626	861	5072
628	4346	5072
633	484	5072
630	NA	5072
632	NA	5072
624	NA	5072
5029	NA	5074
1356	484	5074
5028	NA	5074
5036	1466	5074
5030	NA	5074
5027	861	5074
1390	NA	5074
5034	NA	5074
5035	NA	5074
5032	NA	5074
5031	484	5074
5033	NA	5074
5077	NA	5079
5076	NA	5079
5072	598	5079
5073	NA	5079
5075	NA	5079
5071	4600	5079
5074	2899	5079
5078	1058	5079
333	NA	5082
332	2767	5082
504	NA	5093
4281	4688	5096
5069	3527	5097
5068	4688	5097
5070	512	5097
2475	NA	5103
2474	5332	5103
2486	NA	5104
2992	NA	5107
2515	NA	5109
2514	NA	5109
2516	NA	5109
2453	1125	5110
2451	3893	5110
2450	NA	5110
2449	NA	5110
2447	NA	5110
2448	2767	5110
2452	3874	5110
3114	3312	5110
2299	NA	5113
4564	NA	5114
4565	NA	5114
3720	NA	5127
3726	NA	5127
3724	NA	5127
3719	NA	5127
3718	NA	5127
3723	NA	5127
3721	NA	5127
3722	NA	5127
3725	NA	5127
5130	NA	5134
5132	NA	5134
5131	NA	5134
5128	NA	5134
5129	NA	5134
5127	NA	5134
1392	4211	5137
4835	NA	5137
4832	4211	5137
4834	NA	5137
4833	3018	5137
1985	NA	5138
1986	NA	5138
1984	NA	5138
453	162	5140
4826	4211	5142
4829	NA	5142
4830	NA	5142
4828	2544	5142
4827	NA	5142
4310	4408	5148
4308	NA	5148
4311	NA	5148
4309	4408	5148
4988	NA	5159
4989	NA	5159
3889	1873	5174
3891	4977	5174
3890	4332	5174
3892	5332	5174
1980	1961	5178
1983	3126	5178
1981	4357	5178
1982	5351	5178
1979	3405	5178
3727	427	5187
5294	NA	5287
5295	NA	5287
2941	1147	5293
2944	1873	5293
2945	1974	5293
2942	1873	5293
2940	591	5293
2943	28	5293
4705	3836	5294
4706	NA	5294
2959	4008	5296
2964	3387	5296
2965	210	5296
2957	4008	5296
2963	2767	5296
2961	NA	5296
2962	3832	5296
2966	3893	5296
2960	3554	5296
2958	2899	5296
2820	NA	5298
2823	3301	5298
2825	NA	5298
2821	NA	5298
2826	NA	5298
2822	1498	5298
2824	3387	5298
443	4035	5303
442	4275	5303
439	4144	5303
438	5037	5303
440	1973	5303
441	4703	5303
444	NA	5303
437	512	5303
5306	4144	5308
5303	3529	5308
5305	NA	5308
5304	2376	5308
1627	NA	5315
1628	NA	5315
1632	2651	5315
1633	3387	5315
1626	NA	5315
1630	NA	5315
1631	2672	5315
1629	2471	5315
4517	NA	5316
4593	NA	5317
4592	1476	5317
4588	NA	5317
4596	250	5317
4589	2471	5317
4594	5300	5317
4598	2347	5317
4590	3554	5317
4597	484	5317
4595	5288	5317
4591	861	5317
3796	NA	5318
3794	1504	5318
3792	NA	5318
3795	NA	5318
3793	NA	5318
3797	NA	5318
5320	2899	5323
5321	NA	5323
5315	2209	5323
5319	1480	5323
5322	NA	5323
5317	1480	5323
5314	NA	5323
5316	NA	5323
5318	NA	5323
5079	NA	5323
5313	NA	5323
5336	NA	5337
5335	NA	5337
5334	NA	5337
5333	NA	5337
526	2077	5340
527	NA	5340
894	NA	5345
892	3527	5345
896	4781	5345
893	3527	5345
895	4332	5345
891	NA	5345
662	510	5346
663	1665	5346
661	4332	5346
660	4677	5346
659	3527	5346
5262	NA	NA
4911	NA	NA
1484	2021	NA
1381	NA	NA
1510	2672	NA
1383	NA	NA
1384	NA	NA
1385	NA	NA
2154	NA	NA
1387	NA	NA
1388	NA	NA
1389	NA	NA
1754	NA	NA
298	NA	NA
2485	NA	NA
1393	NA	NA
1394	NA	NA
5038	NA	NA
1487	204	NA
1397	NA	NA
1398	NA	NA
1399	NA	NA
2977	NA	NA
5244	NA	NA
1402	NA	NA
1403	NA	NA
1404	NA	NA
2862	NA	NA
1406	NA	NA
3957	NA	NA
1408	NA	NA
3595	NA	NA
3596	NA	NA
3961	NA	NA
2990	NA	NA
2991	NA	NA
2142	NA	NA
1395	2389	NA
2630	NA	NA
210	2142	NA
2511	NA	NA
326	NA	NA
327	NA	NA
328	NA	NA
1422	NA	NA
1423	NA	NA
695	NA	NA
1425	NA	NA
1405	80	NA
334	NA	NA
2524	80	NA
1479	80	NA
3980	NA	NA
5288	2167	NA
1513	4227	NA
2381	4227	NA
329	4227	NA
3893	4227	NA
1336	4229	NA
1457	4229	NA
1462	147	NA
1424	161	NA
1481	161	NA
935	161	NA
1492	763	NA
1443	NA	NA
3630	NA	NA
1445	NA	NA
3267	NA	NA
1447	NA	NA
3998	NA	NA
5213	NA	NA
1450	NA	NA
1451	NA	NA
4346	2209	NA
360	NA	NA
361	NA	NA
1455	NA	NA
5220	NA	NA
4736	NA	NA
1416	771	NA
1459	NA	NA
1460	NA	NA
1461	NA	NA
1489	771	NA
1463	NA	NA
3650	NA	NA
3649	NA	NA
1465	NA	NA
1467	NA	NA
1953	NA	NA
1469	NA	NA
1925	861	NA
4021	NA	NA
1472	NA	NA
1473	NA	NA
1474	NA	NA
1475	NA	NA
383	NA	NA
5026	4288	NA
385	NA	NA
3894	193	NA
1480	NA	NA
752	NA	NA
5125	NA	NA
1060	4736	NA
1470	1512	NA
4764	NA	NA
4400	NA	NA
5249	NA	NA
3309	NA	NA
5251	NA	NA
1854	NA	NA
1485	1574	NA
5133	NA	NA
5134	NA	NA
1486	1583	NA
1495	NA	NA
1496	NA	NA
1482	4331	NA
4275	4331	NA
591	2347	NA
3928	NA	NA
4293	NA	NA
2716	NA	NA
1502	NA	NA
1504	NA	NA
5147	NA	NA
1506	NA	NA
1507	NA	NA
4786	NA	NA
1509	NA	NA
299	2347	NA
1511	NA	NA
4912	NA	NA
2605	NA	NA
1878	NA	NA
2608	NA	NA
5280	NA	NA
1273	NA	NA
3704	NA	NA
426	NA	NA
427	NA	NA
3707	NA	NA
4801	NA	NA
2616	NA	NA
1524	NA	NA
4439	NA	NA
4440	NA	NA
5170	NA	NA
556	NA	NA
1081	3893	NA
1500	250	NA
2988	NA	NA
2989	NA	NA
1289	NA	NA
1290	NA	NA
4230	2389	NA
1292	NA	NA
5283	NA	NA
445	NA	NA
3846	NA	NA
2632	NA	NA
3118	NA	NA
1298	NA	NA
4821	NA	NA
4822	NA	NA
3608	NA	NA
4825	NA	NA
4824	NA	NA
1548	NA	NA
5126	2451	NA
821	NA	NA
5231	NA	NA
5194	NA	NA
5195	NA	NA
4831	NA	NA
1555	NA	NA
1556	NA	NA
828	NA	NA
1193	NA	NA
5202	NA	NA
1924	NA	NA
5203	NA	NA
469	NA	NA
470	NA	NA
471	NA	NA
4552	1110	NA
5209	NA	NA
5210	NA	NA
5211	NA	NA
5212	NA	NA
598	NA	NA
1571	NA	NA
771	2471	NA
480	NA	NA
481	NA	NA
482	NA	NA
5219	NA	NA
1333	NA	NA
5221	NA	NA
5222	NA	NA
4130	NA	NA
1945	NA	NA
3768	NA	NA
3769	NA	NA
5136	329	NA
2490	329	NA
2679	NA	NA
5230	NA	NA
1223	NA	NA
1224	NA	NA
1954	NA	NA
4141	NA	NA
5235	NA	NA
500	NA	NA
501	NA	NA
2688	NA	NA
503	NA	NA
701	1775	NA
2691	NA	NA
2692	NA	NA
1437	4446	NA
1236	NA	NA
5245	NA	NA
510	NA	NA
511	NA	NA
512	NA	NA
502	4486	NA
1382	4486	NA
1608	NA	NA
516	NA	NA
5253	NA	NA
5254	NA	NA
5255	NA	NA
4892	NA	NA
3071	NA	NA
1250	NA	NA
5258	NA	NA
5260	NA	NA
5261	NA	NA
161	NA	NA
1255	NA	NA
1377	NA	NA
1257	NA	NA
1623	NA	NA
4294	NA	NA
1625	NA	NA
5269	NA	NA
4702	NA	NA
1263	NA	NA
4908	NA	NA
2723	NA	NA
2724	NA	NA
2725	NA	NA
2726	NA	NA
1634	NA	NA
1270	NA	NA
5277	NA	NA
2730	NA	NA
1421	606	NA
1274	NA	NA
3097	NA	NA
1276	NA	NA
1277	NA	NA
1278	NA	NA
5287	NA	NA
3830	NA	NA
3588	NA	NA
4316	NA	NA
1283	NA	NA
4441	NA	NA
4360	NA	NA
2136	NA	NA
2016	NA	NA
195	NA	NA
2137	NA	NA
4447	NA	NA
1291	NA	NA
2138	1060	NA
565	NA	NA
566	NA	NA
3602	NA	NA
1296	NA	NA
1297	NA	NA
2512	NA	NA
1299	NA	NA
1327	484	NA
1179	NA	NA
1302	NA	NA
5067	NA	NA
576	NA	NA
2034	NA	NA
1306	NA	NA
579	NA	NA
2766	NA	NA
4587	NA	NA
2768	NA	NA
2769	NA	NA
4845	490	NA
3864	NA	NA
3865	NA	NA
5080	NA	NA
1316	NA	NA
1317	NA	NA
1683	NA	NA
1684	NA	NA
592	NA	NA
4599	NA	NA
3057	505	NA
4315	NA	NA
5332	NA	NA
4156	NA	NA
1204	NA	NA
1205	NA	NA
1328	NA	NA
1329	NA	NA
1330	NA	NA
1331	NA	NA
1332	NA	NA
3276	NA	NA
2792	NA	NA
2471	4600	NA
3886	NA	NA
2795	NA	NA
2796	NA	NA
1583	4600	NA
612	NA	NA
2799	NA	NA
3164	NA	NA
2801	NA	NA
2802	NA	NA
2803	NA	NA
2804	NA	NA
2805	NA	NA
2806	NA	NA
2807	NA	NA
2808	NA	NA
2809	NA	NA
2810	NA	NA
2811	NA	NA
2812	NA	NA
2813	NA	NA
1351	2646	NA
1413	2646	NA
1488	2646	NA
4367	557	NA
1021	561	NA
1325	2646	NA
4276	NA	NA
1324	2650	NA
3113	2650	NA
1365	NA	NA
3528	2650	NA
5252	NA	NA
3554	NA	NA
1005	NA	NA
1734	NA	NA
1371	NA	NA
1658	2651	NA
645	NA	NA
1374	NA	NA
4073	1463	NA
2105	NA	NA
4035	1598	NA
1499	NA	NA
1744	NA	NA
1444	2672	NA
1745	NA	NA
3204	NA	NA
1261	NA	NA
4056	NA	NA
49	NA	NA
1349	5297	NA
1752	NA	NA
3939	NA	NA
4060	NA	NA
1442	5300	NA
2767	598	NA
1028	NA	NA
1493	606	NA
4670	NA	NA
1880	NA	NA
1761	NA	NA
4188	NA	NA
3705	NA	NA
3706	NA	NA
4800	NA	NA
5285	NA	NA
1767	NA	NA
2861	NA	NA
68	NA	NA
1202	NA	NA
1042	NA	NA
1285	NA	NA
1773	NA	NA
1045	NA	NA
3983	NA	NA
1288	NA	NA
4448	NA	NA
5282	NA	NA
2993	NA	NA
4732	NA	NA
2145	NA	NA
3116	NA	NA
4372	NA	NA
4575	NA	NA
1785	NA	NA
1786	NA	NA
1300	NA	NA
1059	NA	NA
2882	NA	NA
3976	NA	NA
3977	NA	NA
3978	NA	NA
3979	NA	NA
3251	NA	NA
1430	NA	NA
1431	NA	NA
4468	NA	NA
3984	NA	NA
3985	NA	NA
4445	1488	NA
5201	NA	NA
344	NA	NA
1418	763	NA
1379	4229	NA
4229	763	NA
5205	NA	NA
5206	NA	NA
2901	NA	NA
1201	NA	NA
4399	NA	NA
4072	1496	NA
1566	NA	NA
1326	NA	NA
2178	NA	NA
3271	NA	NA
1441	769	NA
1817	NA	NA
3275	NA	NA
1211	NA	NA
1212	NA	NA
2538	1500	NA
4735	NA	NA
1491	771	NA
1414	771	NA
1825	NA	NA
5224	NA	NA
1494	4707	NA
1826	NA	NA
1221	NA	NA
1222	NA	NA
373	NA	NA
3841	1506	NA
4446	1506	NA
1468	NA	NA
827	1506	NA
4022	NA	NA
14	NA	NA
4024	NA	NA
4089	888	NA
1111	NA	NA
1841	NA	NA
3056	NA	NA
1964	NA	NA
2208	NA	NA
2209	NA	NA
5124	NA	NA
4249	1512	NA
4799	NA	NA
4763	NA	NA
1282	NA	NA
150	NA	NA
4844	NA	NA
1245	NA	NA
1125	NA	NA
3458	NA	NA
1409	1574	NA
5135	NA	NA
5256	NA	NA
1410	1583	NA
38	NA	NA
4487	NA	NA
2589	1598	NA
1254	NA	NA
4899	NA	NA
1256	NA	NA
1501	NA	NA
5145	NA	NA
5146	NA	NA
1503	NA	NA
5270	NA	NA
2355	NA	NA
1440	1617	NA
1508	NA	NA
4787	NA	NA
2239	NA	NA
3333	NA	NA
1362	1617	NA
1512	NA	NA
1879	NA	NA
1272	NA	NA
5037	NA	NA
4432	NA	NA
5022	NA	NA
3460	NA	NA
5204	NA	NA
3811	NA	NA
65	NA	NA
3222	NA	NA
5289	NA	NA
1322	NA	NA
3265	NA	NA
1284	NA	NA
1244	NA	NA
1529	NA	NA
1530	NA	NA
1287	NA	NA
1208	NA	NA
5217	NA	NA
5218	NA	NA
4449	NA	NA
1293	NA	NA
1448	5031	NA
3117	NA	NA
446	NA	NA
2751	NA	NA
4576	NA	NA
1178	NA	NA
2513	NA	NA
1301	NA	NA
3488	NA	NA
1303	NA	NA
454	NA	NA
3370	NA	NA
92	NA	NA
1549	NA	NA
505	3893	NA
3782	3272	NA
2039	NA	NA
3274	4839	NA
3377	NA	NA
1192	NA	NA
4228	NA	NA
1923	NA	NA
1195	NA	NA
2814	NA	NA
1926	NA	NA
1198	NA	NA
5207	NA	NA
1200	NA	NA
2638	1126	NA
4157	NA	NA
1203	NA	NA
3219	NA	NA
3812	NA	NA
5214	NA	NA
5215	NA	NA
1248	NA	NA
1249	NA	NA
3434	NA	NA
1453	NA	NA
1454	NA	NA
1213	NA	NA
1214	NA	NA
1215	NA	NA
1216	NA	NA
5225	NA	NA
5226	NA	NA
5227	NA	NA
1220	NA	NA
1342	NA	NA
1343	NA	NA
5279	NA	NA
1345	NA	NA
1225	NA	NA
1226	NA	NA
1227	NA	NA
4143	NA	NA
4144	NA	NA
4145	NA	NA
1483	1775	NA
1231	NA	NA
374	1126	NA
4401	1126	NA
871	NA	NA
2650	NA	NA
5284	NA	NA
1110	4878	NA
5247	NA	NA
447	1126	NA
4438	NA	NA
2617	NA	NA
4358	NA	NA
3709	NA	NA
4359	NA	NA
1246	NA	NA
1247	NA	NA
1449	NA	NA
2421	NA	NA
3273	NA	NA
1251	NA	NA
4531	NA	NA
1253	NA	NA
4532	NA	NA
1376	NA	NA
1498	NA	NA
4910	NA	NA
1258	NA	NA
1259	NA	NA
1260	NA	NA
5223	NA	NA
1262	NA	NA
1505	NA	NA
900	NA	NA
3087	NA	NA
3088	NA	NA
5275	NA	NA
2631	3387	NA
1269	NA	NA
1364	5300	NA
1271	NA	NA
3457	NA	NA
3135	NA	NA
1314	NA	NA
1275	NA	NA
4513	NA	NA
1438	NA	NA
1318	NA	NA
1279	NA	NA
1280	NA	NA
1321	NA	NA
1335	5349	NA
5208	NA	NA
4600	NA	NA
5250	NA	NA
1286	NA	NA
923	NA	NA
1731	NA	NA
1369	NA	NA
3556	NA	NA
1452	NA	NA
5197	NA	NA
78	NA	NA
1334	NA	NA
1370	1390	NA
1295	NA	NA
1337	NA	NA
2815	NA	NA
4655	NA	NA
2797	NA	NA
1341	NA	NA
1787	NA	NA
4095	NA	NA
1304	NA	NA
1305	NA	NA
3249	NA	NA
1307	NA	NA
1308	NA	NA
1309	NA	NA
2401	NA	NA
4226	NA	NA
1312	NA	NA
1353	NA	NA
1354	NA	NA
5323	NA	NA
343	NA	NA
4269	NA	NA
1358	NA	NA
2048	NA	NA
2049	NA	NA
1361	NA	NA
998	NA	NA
1363	NA	NA
4488	NA	NA
1242	NA	NA
1243	NA	NA
5233	NA	NA
5273	NA	NA
1206	NA	NA
2664	NA	NA
1657	1574	NA
1210	NA	NA
4366	NA	NA
1252	NA	NA
3885	NA	NA
2429	NA	NA
5281	NA	NA
1338	NA	NA
2068	NA	NA
1380	NA	NA
2837	NA	NA
2798	NA	NA
2678	NA	NA
1323	3528	NA
3973	NA	NA
1346	NA	NA
254	NA	NA
255	NA	NA
256	NA	NA
3067	3528	NA
258	NA	NA
1352	NA	NA
5240	NA	NA
1434	NA	NA
262	NA	NA
147	1509	NA
1436	NA	NA
4870	NA	NA
1359	NA	NA
1360	NA	NA
1319	NA	NA
5286	NA	NA
1281	NA	NA
4964	NA	NA
1386	1814	NA
3063	NA	NA
4646	NA	NA
4159	NA	NA
4158	NA	NA
4307	NA	NA
479	NA	NA
1372	NA	NA
1373	NA	NA
3272	NA	NA
1375	NA	NA
1497	NA	NA
121	NA	NA
1458	NA	NA
4898	NA	NA
5243	NA	NA
2794	NA	NA
1219	NA	NA
3982	NA	NA
2354	NA	NA
5264	NA	NA
4148	NA	NA
1022	NA	NA
4543	NA	NA
2967	NA	NA
3332	NA	NA
5276	NA	NA
2484	NA	NA
4104	NA	NA
4388	NA	NA
342	NA	NA
4544	NA	NA
4408	1509	NA
1478	NA	NA
2167	NA	NA
1197	NA	NA
3302	NA	NA
2817	NA	NA
4879	NA	NA
5246	NA	NA
5325	NA	NA
4274	NA	NA
2334	NA	NA
1241	NA	NA
1366	NA	NA
5265	NA	NA
1126	NA	NA
1209	NA	NA
359	NA	NA
5278	NA	NA
5257	NA	NA
1294	NA	NA
5193	NA	NA
4654	NA	NA
4227	1502	NA
2899	1502	NA
3972	NA	NA
4537	NA	NA
4542	NA	NA
3367	NA	NA
3975	NA	NA
2155	NA	NA
1547	NA	NA
335	NA	NA
336	NA	NA
1464	1814	NA
1429	NA	NA
5196	NA	NA
4387	1508	NA
5241	NA	NA
5239	NA	NA
3908	NA	NA
3378	NA	NA
1194	NA	NA
3300	NA	NA
5267	NA	NA
2689	NA	NA
1340	1814	NA
5259	NA	NA
1320	NA	NA
4717	NA	NA
1725	NA	NA
1240	NA	NA
5266	NA	NA
1218	NA	NA
4493	NA	NA
1207	NA	NA
3534	NA	NA
35	NA	NA
5216	NA	NA
644	NA	NA
2318	NA	NA
5232	NA	NA
3396	1507	NA
5272	NA	NA
2793	NA	NA
1217	NA	NA
1191	NA	NA
4347	NA	NA
1824	NA	NA
5229	NA	NA
1344	NA	NA
1466	NA	NA
5242	NA	NA
4944	NA	NA
1199	NA	NA
5263	NA	NA
1229	NA	NA
1391	NA	NA
1230	NA	NA
4008	NA	NA
5039	NA	NA
1407	1775	NA
1234	NA	NA
3986	NA	NA
1196	NA	NA
1237	NA	NA
4914	NA	NA
4147	NA	NA
1267	NA	NA
1477	NA	NA
4951	NA	NA
5248	NA	NA
13	NA	NA
5238	NA	NA
1339	NA	NA
4340	NA	NA
4538	NA	NA
2179	NA	NA
2838	NA	NA
50	NA	NA
2602	NA	NA
4880	NA	NA
5163	NA	NA
3938	NA	NA
1310	NA	NA
1239	NA	NA
5274	NA	NA
4752	NA	NA
1313	NA	NA
1677	NA	NA
4823	NA	NA
1264	NA	NA
2166	NA	NA
1238	NA	NA
2665	NA	NA
4906	NA	NA
4707	NA	NA
1428	NA	NA
257	NA	NA
5271	NA	NA
4737	NA	NA
1432	NA	NA
2323	NA	NA
1235	NA	NA
1357	NA	NA
2300	NA	NA
2343	NA	NA
1427	NA	NA
1266	NA	NA
2570	NA	NA
5234	NA	NA
1228	NA	NA
3899	NA	NA
1311	NA	NA
1350	NA	NA
5236	NA	NA
3433	NA	NA
5025	NA	NA
3974	NA	NA
2762	NA	NA
2651	NA	NA
2816	NA	NA
2438	NA	NA
5268	NA	NA
5237	NA	NA
1268	NA	NA
3909	NA	NA
1355	NA	NA
2320	NA	NA
2446	NA	NA
1315	NA	NA
2690	NA	NA
3299	NA	NA
4541	NA	NA
4146	NA	NA
2437	NA	NA
1233	NA	NA
2324	NA	NA
4701	NA	NA
2525	NA	NA
1476	NA	NA
5228	NA	NA
1433	NA	NA
1722	NA	NA
1265	NA	NA
1426	NA	NA
384	NA	NA
1348	NA	NA
2322	NA	NA
2200	NA	NA
2800	NA	NA
1232	NA	NA
2321	NA	NA
870	NA	NA
1435	NA	NA
3981	NA	NA
3055	NA	NA
